     Index              y_true              y_pred        descriptor_1        descriptor_2
         1    0.4120000000E+00    0.4470454419E+00    0.3483726148E+03    0.0000000000E+00
         2    0.3580000000E+00    0.3599075122E+00    0.3481139947E+03   -0.8000000000E+01
         3    0.4560000000E+00    0.4465790171E+00    0.3483197493E+03    0.0000000000E+00
         4    0.2460000000E+00    0.4109246773E+00    0.3442786168E+03    0.0000000000E+00
         5    0.3837000000E+00    0.4466397722E+00    0.3483266354E+03    0.0000000000E+00
         6    0.3820000000E+00    0.4466397722E+00    0.3483266354E+03    0.0000000000E+00
         7    0.2982800000E+00    0.3604388980E+00    0.3481742230E+03   -0.8000000000E+01
         8    0.4277000000E+00    0.5300092094E+00    0.3481581272E+03    0.8000000000E+01
         9    0.4300000000E+00    0.4249029057E+00    0.3458629365E+03    0.0000000000E+00
        10    0.4503000000E+00    0.4883563624E+00    0.3530548752E+03    0.0000000000E+00
        11    0.4350000000E+00    0.4470114747E+00    0.3531776464E+03   -0.4000000000E+01
        12    0.1340000000E+00    0.3610012335E+00    0.3482379592E+03   -0.8000000000E+01
        13    0.1120000000E+00    0.5381653725E-01    0.3422743349E+03   -0.3200000000E+02
        14    0.2525080000E+00    0.4037719834E+00    0.3434679165E+03    0.0000000000E+00
        15    0.4140000000E+00    0.4376949149E+00    0.3473128078E+03    0.0000000000E+00
        16    0.3350000000E+00    0.4380994032E+00    0.3473586533E+03    0.0000000000E+00
        17    0.4776000000E+00    0.4378846204E+00    0.3473343094E+03    0.0000000000E+00
        18    0.3170000000E+00    0.4470454419E+00    0.3483726148E+03    0.0000000000E+00
        19    0.4570000000E+00    0.3958769015E+00    0.3425730725E+03    0.0000000000E+00
        20    0.8323680000E+00    0.4448674558E+00    0.3481257576E+03    0.0000000000E+00
        21    0.3022000000E+00    0.3250008472E+00    0.3345398421E+03    0.0000000000E+00
        22    0.3340000000E+00    0.3204356921E+00    0.3340224185E+03    0.0000000000E+00
        23    0.4489000000E+00    0.4715284628E+00    0.3511475682E+03    0.0000000000E+00
        24    0.4503000000E+00    0.4682599688E+00    0.3507771107E+03    0.0000000000E+00
        25    0.4489000000E+00    0.4693425900E+00    0.3508998171E+03    0.0000000000E+00
        26    0.4304000000E+00    0.4465856466E+00    0.3483205007E+03    0.0000000000E+00
        27    0.3858000000E+00    0.4077127228E+00    0.3439145676E+03    0.0000000000E+00
        28    0.3973000000E+00    0.4077585796E+00    0.3439197651E+03    0.0000000000E+00
        29    0.2180000000E+00    0.4053408376E+00    0.3436457335E+03    0.0000000000E+00
        30    0.4240000000E+00    0.4283573388E+00    0.3462544687E+03    0.0000000000E+00
        31    0.4005000000E+00    0.4319687518E+00    0.3466637933E+03    0.0000000000E+00
        32    0.3900000000E+00    0.3959863129E+00    0.3425854734E+03    0.0000000000E+00
        33    0.3725000000E+00    0.3234267197E+00    0.3295525459E+03    0.4000000000E+01
        34    0.4000000000E+00    0.4841219922E+00    0.3477660619E+03    0.4000000000E+01
        35    0.4640000000E+00    0.3747632923E+00    0.3401800148E+03    0.0000000000E+00
        36    0.2610000000E+00    0.3748342678E+00    0.3401880593E+03    0.0000000000E+00
        37    0.3900000000E+00    0.4075191616E+00    0.3438926290E+03    0.0000000000E+00
        38    0.3740000000E+00    0.4217488132E+00    0.3455054455E+03    0.0000000000E+00
        39    0.4370000000E+00    0.4915901237E+00    0.3438036330E+03    0.8000000000E+01
        40    0.3927000000E+00    0.4209103964E+00    0.3454104177E+03    0.0000000000E+00
        41    0.4370000000E+00    0.3773522057E+00    0.3404734473E+03    0.0000000000E+00
        42    0.3710000000E+00    0.3788119882E+00    0.3406389019E+03    0.0000000000E+00
        43    0.3550000000E+00    0.4127342791E+00    0.3444837206E+03    0.0000000000E+00
        44    0.3430000000E+00    0.3862941832E+00    0.3414869485E+03    0.0000000000E+00
        45    0.3620000000E+00    0.4681600307E+00    0.3411480205E+03    0.8000000000E+01
        46    0.3710000000E+00    0.3963320339E+00    0.3426246581E+03    0.0000000000E+00
        47    0.4410000000E+00    0.3162421697E+00    0.3431648795E+03   -0.8000000000E+01
        48    0.4600000000E+00    0.3963950530E+00    0.3426318008E+03    0.0000000000E+00
        49    0.4020000000E+00    0.4118163869E+00    0.3443796849E+03    0.0000000000E+00
        50    0.4380000000E+00    0.4114872978E+00    0.3443423853E+03    0.0000000000E+00
        51    0.3530000000E+00    0.4668739718E+00    0.3506200191E+03    0.0000000000E+00
        52    0.4540000000E+00    0.4191104159E+00    0.3452064044E+03    0.0000000000E+00
        53    0.6014000000E+00    0.4280231387E+00    0.3462165898E+03    0.0000000000E+00
        54    0.3690000000E+00    0.4466397722E+00    0.3483266354E+03    0.0000000000E+00
        55    0.4240000000E+00    0.4217740651E+00    0.3455083076E+03    0.0000000000E+00
        56    0.3280000000E+00    0.4074799934E+00    0.3438881896E+03    0.0000000000E+00
        57    0.3670000000E+00    0.4075191616E+00    0.3438926290E+03    0.0000000000E+00
        58    0.3710000000E+00    0.4217488132E+00    0.3455054455E+03    0.0000000000E+00
        59    0.4810000000E+00    0.4145499325E+00    0.3446895103E+03    0.0000000000E+00
        60    0.5540000000E+00    0.5298068545E+00    0.3481351919E+03    0.8000000000E+01
        61    0.4630000000E+00    0.4454189515E+00    0.3481882652E+03    0.0000000000E+00
        62    0.3370000000E+00    0.4572912456E+00    0.3495338942E+03    0.0000000000E+00
        63    0.3530000000E+00    0.3739860911E+00    0.3400919253E+03    0.0000000000E+00
        64    0.3340000000E+00    0.4162515275E+00    0.3448823724E+03    0.0000000000E+00
        65    0.4200000000E+00    0.4598418495E+00    0.3402052216E+03    0.8000000000E+01
        66    0.5462000000E+00    0.4463237136E+00    0.3482908127E+03    0.0000000000E+00
        67    0.4880000000E+00    0.4455579424E+00    0.3482040187E+03    0.0000000000E+00
        68    0.4650000000E+00    0.4468682075E+00    0.3483525267E+03    0.0000000000E+00
        69    0.4830000000E+00    0.4494837756E+00    0.3486489803E+03    0.0000000000E+00
        70    0.4440000000E+00    0.4717280632E+00    0.3511701913E+03    0.0000000000E+00
        71    0.4620000000E+00    0.4719301252E+00    0.3511930934E+03    0.0000000000E+00
        72    0.4470000000E+00    0.4469300487E+00    0.3483595359E+03    0.0000000000E+00
        73    0.5340000000E+00    0.4468371210E+00    0.3483490033E+03    0.0000000000E+00
        74    0.3020000000E+00    0.4464245192E+00    0.3483022382E+03    0.0000000000E+00
        75    0.4720000000E+00    0.4468135860E+00    0.3483463358E+03    0.0000000000E+00
        76    0.5080000000E+00    0.4464467951E+00    0.3483047630E+03    0.0000000000E+00
        77    0.5700000000E+00    0.4464300246E+00    0.3483028622E+03    0.0000000000E+00
        78    0.4950000000E+00    0.4468399011E+00    0.3483493184E+03    0.0000000000E+00
        79    0.4750000000E+00    0.4441286411E+00    0.3480420189E+03    0.0000000000E+00
        80    0.5520000000E+00    0.4742092310E+00    0.3514514117E+03    0.0000000000E+00
        81    0.4790000000E+00    0.4435895998E+00    0.3479809229E+03    0.0000000000E+00
        82    0.5020000000E+00    0.4774235518E+00    0.3518157291E+03    0.0000000000E+00
        83    0.3380000000E+00    0.4492866818E+00    0.3486266413E+03    0.0000000000E+00
        84    0.4550000000E+00    0.4475651462E+00    0.3484315191E+03    0.0000000000E+00
        85    0.5240000000E+00    0.4748183894E+00    0.3515204549E+03    0.0000000000E+00
        86    0.4490000000E+00    0.4737573418E+00    0.3514001937E+03    0.0000000000E+00
        87    0.4790000000E+00    0.4524933505E+00    0.3489900914E+03    0.0000000000E+00
        88    0.6480000000E+00    0.4166984644E+00    0.3449330291E+03    0.0000000000E+00
        89    0.4060000000E+00    0.3582997079E+00    0.3383140000E+03    0.0000000000E+00
        90    0.8830000000E+00    0.1000381415E+01    0.4110887946E+03    0.0000000000E+00
        91    0.1106000000E+01    0.9973574001E+00    0.4107836162E+03   -0.3125000000E-01
        92    0.1428000000E+01    0.1009865528E+01    0.4121637425E+03    0.0000000000E+00
        93    0.1245000000E+01    0.1009865528E+01    0.4121637425E+03    0.0000000000E+00
        94    0.6870500000E+00    0.8105033528E+00    0.3895676442E+03    0.0000000000E+00
        95    0.7485000000E+00    0.8053343806E+00    0.3889817828E+03    0.0000000000E+00
        96    0.7527000000E+00    0.7983789543E+00    0.3881934412E+03    0.0000000000E+00
        97    0.9780000000E+00    0.9815874396E+00    0.4089586487E+03    0.0000000000E+00
        98    0.8385000000E+00    0.9983111165E+00    0.4108541429E+03    0.0000000000E+00
        99    0.2696610000E+00    0.8055116645E+00    0.3890018765E+03    0.0000000000E+00
       100    0.5501770000E+00    0.7989216718E+00    0.3884052314E+03   -0.1250000000E+00
       101    0.9153400000E+00    0.7951468158E+00    0.3878271043E+03    0.0000000000E+00
       102    0.7800000000E+00    0.9609455111E+00    0.4066566216E+03   -0.3125000000E-01
       103    0.8670000000E+00    0.9768967158E+00    0.4084269929E+03    0.0000000000E+00
       104    0.1225000000E+01    0.9830584774E+00    0.4091253790E+03    0.0000000000E+00
       105    0.7520000000E+00    0.9874155367E+00    0.4096192166E+03    0.0000000000E+00
       106    0.9290000000E+00    0.8048747185E+00    0.3889296838E+03    0.0000000000E+00
       107    0.1556800000E+01    0.8037977590E+00    0.3888076191E+03    0.0000000000E+00
       108    0.6681000000E+00    0.7577282210E+00    0.3835860077E+03    0.0000000000E+00
       109    0.6840000000E+00    0.7680220352E+00    0.3847527287E+03    0.0000000000E+00
       110    0.9441500000E+00    0.9769748219E+00    0.4084358456E+03    0.0000000000E+00
       111    0.9472000000E+00    0.9769748219E+00    0.4084358456E+03    0.0000000000E+00
       112    0.9441500000E+00    0.9400545493E+00    0.4042512298E+03    0.0000000000E+00
       113    0.9839900000E+00    0.9098268453E+00    0.4008251628E+03    0.0000000000E+00
       114    0.8488500000E+00    0.8858413489E+00    0.3981065998E+03    0.0000000000E+00
       115    0.1084900000E+01    0.8671651117E+00    0.3959897986E+03    0.0000000000E+00
       116    0.4197500000E+00    0.9516411592E+00    0.4055644788E+03    0.0000000000E+00
       117    0.1029700000E+01    0.8895067287E+00    0.3985220411E+03    0.0000000000E+00
       118    0.7860000000E+00    0.8548471141E+00    0.3945936527E+03    0.0000000000E+00
       119    0.7800000000E+00    0.8449276776E+00    0.3934693644E+03    0.0000000000E+00
       120    0.6830000000E+00    0.6804627595E+00    0.3748285894E+03    0.0000000000E+00
       121    0.7860000000E+00    0.8659168784E+00    0.3958483214E+03    0.0000000000E+00
       122    0.9760000000E+00    0.8395772660E+00    0.3928629383E+03    0.0000000000E+00
       123    0.7220000000E+00    0.8376748819E+00    0.3925721796E+03    0.6250000000E-01
       124    0.1077000000E+01    0.9570008895E+00    0.4061719611E+03    0.0000000000E+00
       125    0.8260000000E+00    0.8933746910E+00    0.3989604435E+03    0.0000000000E+00
       126    0.1030000000E+01    0.9526573451E+00    0.4056420859E+03    0.3125000000E-01
       127    0.9900000000E+00    0.9608794243E+00    0.4066115618E+03    0.0000000000E+00
       128    0.9232000000E+00    0.8931759014E+00    0.3989379123E+03    0.0000000000E+00
       129    0.7985000000E+00    0.8948863501E+00    0.3991317779E+03    0.0000000000E+00
       130    0.7307000000E+00    0.8787557113E+00    0.3973034998E+03    0.0000000000E+00
       131    0.9093000000E+00    0.8998150520E+00    0.3996904066E+03    0.0000000000E+00
       132    0.8910000000E+00    0.8971573547E+00    0.3993891780E+03    0.0000000000E+00
       133    0.9255000000E+00    0.9122899907E+00    0.4011419099E+03   -0.3125000000E-01
       134    0.9617000000E+00    0.9246613903E+00    0.4025065391E+03    0.0000000000E+00
       135    0.9127000000E+00    0.9143252282E+00    0.4013350183E+03    0.0000000000E+00
       136    0.8770000000E+00    0.9309285498E+00    0.4032168712E+03    0.0000000000E+00
       137    0.9913000000E+00    0.9305002027E+00    0.4031683215E+03    0.0000000000E+00
       138    0.7302000000E+00    0.9402510193E+00    0.4042734981E+03    0.0000000000E+00
       139    0.1158000000E+01    0.9545677349E+00    0.4058961826E+03    0.0000000000E+00
       140    0.1124000000E+01    0.9812001797E+00    0.4089147559E+03    0.0000000000E+00
       141    0.8760000000E+00    0.1003188197E+01    0.4114069207E+03    0.0000000000E+00
       142    0.8470000000E+00    0.8907155141E+00    0.3986590472E+03    0.0000000000E+00
       143    0.1032000000E+01    0.9536931523E+00    0.4057970557E+03    0.0000000000E+00
       144    0.8090000000E+00    0.8772749638E+00    0.3970980996E+03    0.3125000000E-01
       145    0.8190000000E+00    0.8933746910E+00    0.3989604435E+03    0.0000000000E+00
       146    0.1211000000E+01    0.9625095673E+00    0.4067963254E+03    0.0000000000E+00
       147    0.1051000000E+01    0.9692908110E+00    0.4075649248E+03    0.0000000000E+00
       148    0.8653000000E+00    0.9692698514E+00    0.4075625492E+03    0.0000000000E+00
       149    0.7200000000E+00    0.9545012344E+00    0.4058886453E+03    0.0000000000E+00
       150    0.8203000000E+00    0.9061045660E+00    0.4004032724E+03    0.0000000000E+00
       151    0.9279000000E+00    0.9467758822E+00    0.4050130388E+03    0.0000000000E+00
       152    0.1096000000E+01    0.8302530134E+00    0.3918061093E+03    0.0000000000E+00
       153    0.1304900000E+01    0.1006327060E+01    0.4117626856E+03    0.0000000000E+00
       154    0.1177000000E+01    0.9960260447E+00    0.4105951484E+03    0.0000000000E+00
       155    0.1024000000E+01    0.9975005376E+00    0.4107622703E+03    0.0000000000E+00
       156    0.1025000000E+01    0.1003314977E+01    0.4114212902E+03    0.0000000000E+00
       157    0.8997000000E+00    0.9849767601E+00    0.4093428009E+03    0.0000000000E+00
       158    0.8885000000E+00    0.9850943626E+00    0.4093561302E+03    0.0000000000E+00
       159    0.9902400000E+00    0.9820093416E+00    0.4090064679E+03    0.0000000000E+00
       160    0.1036000000E+01    0.9202743836E+00    0.4020093072E+03    0.0000000000E+00
       161    0.7410000000E+00    0.9217573111E+00    0.4021773851E+03    0.0000000000E+00
       162    0.1000000000E+01    0.1006455457E+01    0.4117772383E+03    0.0000000000E+00
       163    0.9870000000E+00    0.9905348071E+00    0.4099727608E+03    0.0000000000E+00
       164    0.1340000000E+01    0.9913079629E+00    0.4100228224E+03    0.3125000000E-01
       165    0.9890000000E+00    0.9915635947E+00    0.4100893656E+03    0.0000000000E+00
       166    0.1226000000E+01    0.9912399767E+00    0.4100526861E+03    0.0000000000E+00
       167    0.1018000000E+01    0.1000819031E+01    0.4111383948E+03    0.0000000000E+00
       168    0.9740000000E+00    0.9935111004E+00    0.4103100997E+03    0.0000000000E+00
       169    0.8860000000E+00    0.1004033198E+01    0.4115026948E+03    0.0000000000E+00
       170    0.7750000000E+00    0.9844659007E+00    0.4092848991E+03    0.0000000000E+00
       171    0.1016000000E+01    0.9820722072E+00    0.4090135932E+03    0.0000000000E+00
       172    0.9740000000E+00    0.9877890400E+00    0.4096615502E+03    0.0000000000E+00
       173    0.7600000000E+00    0.9898757034E+00    0.4098980567E+03    0.0000000000E+00
       174    0.8680000000E+00    0.9821895362E+00    0.4090268915E+03    0.0000000000E+00
       175    0.1392000000E+01    0.9424355617E+00    0.4045210984E+03    0.0000000000E+00
       176    0.1030000000E+01    0.8713918493E+00    0.3964688653E+03    0.0000000000E+00
       177    0.6870000000E+00    0.7209049169E+00    0.3794123825E+03    0.0000000000E+00
       178    0.8730000000E+00    0.8007080483E+00    0.3886077028E+03   -0.1250000000E+00
       179    0.9870000000E+00    0.8065434255E+00    0.3891188183E+03    0.0000000000E+00
       180    0.9070000000E+00    0.8065434255E+00    0.3891188183E+03    0.0000000000E+00
       181    0.5950000000E+00    0.7209049169E+00    0.3794123825E+03    0.0000000000E+00
       182    0.6416000000E+00    0.7179425936E+00    0.3787760719E+03    0.2500000000E+00
       183    0.6606000000E+00    0.7142126562E+00    0.3786538686E+03    0.0000000000E+00
       184    0.8229900000E+00    0.8094168143E+00    0.3894444938E+03    0.0000000000E+00
       185    0.8229950000E+00    0.9200564670E+00    0.4019846081E+03    0.0000000000E+00
       186    0.2426950000E+00    0.7228322112E+00    0.3796308258E+03    0.0000000000E+00
       187    0.4890000000E+00    0.7129003857E+00    0.3788056884E+03   -0.2500000000E+00
       188    0.8040000000E+00    0.7108867748E+00    0.3785774618E+03   -0.2500000000E+00
       189    0.6810000000E+00    0.7952251667E+00    0.3879862623E+03   -0.1250000000E+00
       190    0.1387200000E+01    0.7215729140E+00    0.3794880946E+03    0.0000000000E+00
       191    0.5885600000E+00    0.6097014941E+00    0.3668083694E+03    0.0000000000E+00
       192    0.6840000000E+00    0.7142616151E+00    0.3786594177E+03    0.0000000000E+00
       193    0.6522000000E+00    0.6934518819E+00    0.3763008019E+03    0.0000000000E+00
       194    0.8822000000E+00    0.8844731007E+00    0.3978763811E+03    0.6250000000E-01
       195    0.6918000000E+00    0.7203440010E+00    0.3793488072E+03    0.0000000000E+00
       196    0.7253800000E+00    0.7712902549E+00    0.3851231551E+03    0.0000000000E+00
       197    0.7029000000E+00    0.6110243609E+00    0.3669583057E+03    0.0000000000E+00
       198    0.4040000000E+00    0.8748902865E+00    0.3968653850E+03    0.0000000000E+00
       199    0.8783000000E+00    0.7851991673E+00    0.3866996184E+03    0.0000000000E+00
       200    0.6780000000E+00    0.7427030546E+00    0.3818830260E+03    0.0000000000E+00
       201    0.6700000000E+00    0.7301168757E+00    0.3804564839E+03    0.0000000000E+00
       202    0.5740000000E+00    0.5740308360E+00    0.3626151098E+03    0.1250000000E+00
       203    0.8520000000E+00    0.7243331479E+00    0.3798009449E+03    0.0000000000E+00
       204    0.6300000000E+00    0.7225072874E+00    0.3795939983E+03    0.0000000000E+00
       205    0.9680000000E+00    0.8765409365E+00    0.3970524729E+03    0.0000000000E+00
       206    0.8100000000E+00    0.9733144138E+00    0.4080209678E+03    0.0000000000E+00
       207    0.9680000000E+00    0.8729620870E+00    0.3966468391E+03    0.0000000000E+00
       208    0.6440000000E+00    0.6919075199E+00    0.3761257609E+03    0.0000000000E+00
       209    0.8903000000E+00    0.8376149820E+00    0.3926405292E+03    0.0000000000E+00
       210    0.6854000000E+00    0.7282766480E+00    0.3802479089E+03    0.0000000000E+00
       211    0.5918000000E+00    0.6373524320E+00    0.3696418256E+03    0.2500000000E+00
       212    0.5867000000E+00    0.5892482185E+00    0.3644901552E+03    0.0000000000E+00
       213    0.8520000000E+00    0.8454026394E+00    0.3935231975E+03    0.0000000000E+00
       214    0.7973000000E+00    0.7547543990E+00    0.3832489489E+03    0.0000000000E+00
       215    0.7163000000E+00    0.6694915995E+00    0.3735850967E+03    0.0000000000E+00
       216    0.6255000000E+00    0.6109534366E+00    0.3669502670E+03    0.0000000000E+00
       217    0.8259700000E+00    0.8770487397E+00    0.3971100283E+03    0.0000000000E+00
       218    0.7924000000E+00    0.7678584965E+00    0.3847341929E+03    0.0000000000E+00
       219    0.5905000000E+00    0.6900786887E+00    0.3759184776E+03    0.0000000000E+00
       220    0.9080000000E+00    0.8877046510E+00    0.3983177901E+03    0.0000000000E+00
       221    0.1084000000E+01    0.9486405527E+00    0.4052243842E+03    0.0000000000E+00
       222    0.8440000000E+00    0.9781020382E+00    0.4085636065E+03    0.0000000000E+00
       223    0.8790000000E+00    0.9572266065E+00    0.4061975443E+03    0.0000000000E+00
       224    0.9280000000E+00    0.7623503410E+00    0.3841098878E+03    0.0000000000E+00
       225    0.6870000000E+00    0.6749295277E+00    0.3742014421E+03    0.0000000000E+00
       226    0.6950000000E+00    0.6877615485E+00    0.3759564035E+03   -0.2500000000E+00
       227    0.9470000000E+00    0.7785800199E+00    0.3859493913E+03    0.0000000000E+00
       228    0.7284000000E+00    0.6602019157E+00    0.3725321858E+03    0.0000000000E+00
       229    0.7299000000E+00    0.8103158909E+00    0.3895463969E+03    0.0000000000E+00
       230    0.5584000000E+00    0.6828439828E+00    0.3753990370E+03   -0.2500000000E+00
       231    0.5990000000E+00    0.6163692484E+00    0.3672635506E+03    0.2500000000E+00
       232    0.7309000000E+00    0.7197152052E+00    0.3794278158E+03   -0.1250000000E+00
       233    0.9433000000E+00    0.7521580117E+00    0.3829546693E+03    0.0000000000E+00
       234    0.1168300000E+01    0.9192606928E+00    0.4018944135E+03    0.0000000000E+00
       235    0.1073400000E+01    0.9165806940E+00    0.4015906572E+03    0.0000000000E+00
       236    0.9878000000E+00    0.9726257306E+00    0.4079429111E+03    0.0000000000E+00
       237    0.9946000000E+00    0.9803509989E+00    0.4088185081E+03    0.0000000000E+00
       238    0.7716000000E+00    0.8312988763E+00    0.3917743719E+03    0.1250000000E+00
       239    0.8094000000E+00    0.8674524104E+00    0.3960223616E+03    0.0000000000E+00
       240    0.6720000000E+00    0.6905091101E+00    0.3756667073E+03    0.2500000000E+00
       241    0.7689000000E+00    0.6773616668E+00    0.3744771055E+03    0.0000000000E+00
       242    0.5968000000E+00    0.7340062114E+00    0.3808973088E+03    0.0000000000E+00
       243    0.8150000000E+00    0.8064422361E+00    0.3891073493E+03    0.0000000000E+00
       244    0.8080000000E+00    0.8168890254E+00    0.3902914088E+03    0.0000000000E+00
       245    0.8630000000E+00    0.6628925310E+00    0.3722360352E+03    0.5000000000E+00
       246    0.8190000000E+00    0.8080394051E+00    0.3894386531E+03   -0.1250000000E+00
       247    0.9700000000E+00    0.8100259766E+00    0.3893632599E+03    0.1250000000E+00
       248    0.9590000000E+00    0.9318875390E+00    0.4033631343E+03   -0.3125000000E-01
       249    0.8230000000E+00    0.8034928401E+00    0.3887730590E+03    0.0000000000E+00
       250    0.6610000000E+00    0.6650911741E+00    0.3730863439E+03    0.0000000000E+00
       251    0.4699000000E+00    0.6588145000E+00    0.3723749334E+03    0.0000000000E+00
       252    0.5760000000E+00    0.6027843829E+00    0.3660243705E+03    0.0000000000E+00
       253    0.8495000000E+00    0.8097872764E+00    0.3894864827E+03    0.0000000000E+00
       254    0.6225000000E+00    0.7293226817E+00    0.3803664684E+03    0.0000000000E+00
       255    0.6220720000E+00    0.6670493590E+00    0.3733082884E+03    0.0000000000E+00
       256    0.1222000000E+01    0.8400874787E+00    0.3929207668E+03    0.0000000000E+00
       257    0.8379000000E+00    0.6918775716E+00    0.3761223665E+03    0.0000000000E+00
       258    0.7150000000E+00    0.8026304366E+00    0.3886753125E+03    0.0000000000E+00
       259    0.6700000000E+00    0.6548575839E+00    0.3719264488E+03    0.0000000000E+00
       260    0.8810000000E+00    0.7209049169E+00    0.3794123825E+03    0.0000000000E+00
       261    0.7990000000E+00    0.7223992391E+00    0.3795817519E+03    0.0000000000E+00
       262    0.5343000000E+00    0.6549497996E+00    0.3719369007E+03    0.0000000000E+00
       263    0.5805000000E+00    0.6556206137E+00    0.3714118219E+03    0.5000000000E+00
       264    0.5990000000E+00    0.6451097063E+00    0.3714227155E+03   -0.5000000000E+00
       265    0.7142900000E+00    0.7189412521E+00    0.3791898169E+03    0.0000000000E+00
       266    0.6987000000E+00    0.8037287775E+00    0.3887998006E+03    0.0000000000E+00
       267    0.2150000000E+00    0.6497234569E+00    0.3719456470E+03   -0.5000000000E+00
       268    0.4380000000E+00    0.6472619817E+00    0.3716666586E+03   -0.5000000000E+00
       269    0.7259000000E+00    0.6488528444E+00    0.3712458599E+03    0.0000000000E+00
       270    0.5200000000E+00    0.6377777451E+00    0.3705916967E+03   -0.5000000000E+00
       271    0.1248000000E+01    0.6529298326E+00    0.3717079537E+03    0.0000000000E+00
       272    0.5249000000E+00    0.5277493214E+00    0.3575197501E+03    0.0000000000E+00
       273    0.5408000000E+00    0.5304909373E+00    0.3578304902E+03    0.0000000000E+00
       274    0.7584000000E+00    0.7863623809E+00    0.3868314593E+03    0.0000000000E+00
       275    0.7584000000E+00    0.7745693981E+00    0.3854948196E+03    0.0000000000E+00
       276    0.6149000000E+00    0.6540609919E+00    0.3718361615E+03    0.0000000000E+00
       277    0.6327000000E+00    0.6787900620E+00    0.3746390026E+03    0.0000000000E+00
       278    0.8098000000E+00    0.6761409846E+00    0.3743387510E+03    0.0000000000E+00
       279    0.3570000000E+00    0.7584720736E+00    0.3836703174E+03    0.0000000000E+00
       280    0.7722000000E+00    0.6996011160E+00    0.3769977681E+03    0.0000000000E+00
       281    0.5850000000E+00    0.6505228042E+00    0.3714351364E+03    0.0000000000E+00
       282    0.5770000000E+00    0.6428323800E+00    0.3705634887E+03    0.0000000000E+00
       283    0.4970000000E+00    0.4887649119E+00    0.3531011810E+03    0.0000000000E+00
       284    0.7430000000E+00    0.6411621449E+00    0.3703741810E+03    0.0000000000E+00
       285    0.5530000000E+00    0.6438911750E+00    0.3703829395E+03    0.2500000000E+00
       286    0.8270000000E+00    0.7643427480E+00    0.3843357111E+03    0.0000000000E+00
       287    0.7010000000E+00    0.6877615485E+00    0.3759564035E+03   -0.2500000000E+00
       288    0.7800000000E+00    0.6683117654E+00    0.3734513720E+03    0.0000000000E+00
       289    0.9270000000E+00    0.8929994010E+00    0.3989179074E+03    0.0000000000E+00
       290    0.8117000000E+00    0.7302026118E+00    0.3804662014E+03    0.0000000000E+00
       291    0.7644000000E+00    0.8376216706E+00    0.3926412873E+03    0.0000000000E+00
       292    0.6465000000E+00    0.7171515671E+00    0.3789869705E+03    0.0000000000E+00
       293    0.7610000000E+00    0.7372270977E+00    0.3811120928E+03    0.1250000000E+00
       294    0.6736000000E+00    0.6576070636E+00    0.3722380802E+03    0.0000000000E+00
       295    0.7130000000E+00    0.6706726838E+00    0.3740195182E+03   -0.2500000000E+00
       296    0.9109000000E+00    0.8626196935E+00    0.3955497508E+03   -0.6250000000E-01
       297    0.7652000000E+00    0.7589952426E+00    0.3837296144E+03    0.0000000000E+00
       298    0.7170000000E+00    0.7675249077E+00    0.3846963833E+03    0.0000000000E+00
       299    0.6188000000E+00    0.6203982147E+00    0.3680207566E+03    0.0000000000E+00
       300    0.6454000000E+00    0.7749816329E+00    0.3855415431E+03    0.0000000000E+00
       301    0.7635500000E+00    0.6930835152E+00    0.3762590505E+03    0.0000000000E+00
       302    0.1027300000E+01    0.8957156617E+00    0.3992257737E+03    0.0000000000E+00
       303    0.7920000000E+00    0.9175315599E+00    0.4016984302E+03    0.0000000000E+00
       304    0.6750000000E+00    0.7783162693E+00    0.3859194973E+03    0.0000000000E+00
       305    0.6410000000E+00    0.6161893098E+00    0.3675437111E+03    0.0000000000E+00
       306    0.4580000000E+00    0.5035641924E+00    0.3523741196E+03    0.2000000000E+01
       307    0.5720000000E+00    0.5635623061E+00    0.3627810841E+03   -0.1000000000E+01
       308    0.7450000000E+00    0.6277132422E+00    0.3688498561E+03    0.0000000000E+00
       309    0.8770000000E+00    0.8089809545E+00    0.3893950926E+03    0.0000000000E+00
       310    0.8222000000E+00    0.9190023198E+00    0.4018651290E+03    0.0000000000E+00
       311    0.6623000000E+00    0.8756003140E+00    0.3969458609E+03    0.0000000000E+00
       312    0.7996000000E+00    0.8700506690E+00    0.3963168533E+03    0.0000000000E+00
       313    0.8130000000E+00    0.8037024829E+00    0.3888719591E+03   -0.6250000000E-01
       314    0.7367000000E+00    0.6150122805E+00    0.3674103043E+03    0.0000000000E+00
       315    0.9479000000E+00    0.8203029290E+00    0.3906783473E+03    0.0000000000E+00
       316    0.9213000000E+00    0.8946112022E+00    0.3991005921E+03    0.0000000000E+00
       317    0.7138000000E+00    0.6878948142E+00    0.3756709530E+03    0.0000000000E+00
       318    0.6326000000E+00    0.6863680256E+00    0.3751973487E+03    0.2500000000E+00
       319    0.7779000000E+00    0.8280147036E+00    0.3915524149E+03    0.0000000000E+00
       320    0.6384000000E+00    0.6602583723E+00    0.3725385847E+03    0.0000000000E+00
       321    0.8479000000E+00    0.7432721616E+00    0.3819475297E+03    0.0000000000E+00
       322    0.5051000000E+00    0.6419271644E+00    0.3704608898E+03    0.0000000000E+00
       323    0.6860000000E+00    0.6548180619E+00    0.3719219693E+03    0.0000000000E+00
       324    0.9270000000E+00    0.9175622758E+00    0.4017019116E+03    0.0000000000E+00
       325    0.9400000000E+00    0.7138522212E+00    0.3786130162E+03    0.0000000000E+00
       326    0.6800000000E+00    0.6515861149E+00    0.3721567643E+03   -0.5000000000E+00
       327    0.7303000000E+00    0.6589526289E+00    0.3723905892E+03    0.0000000000E+00
       328    0.7270000000E+00    0.6560976517E+00    0.3720670005E+03    0.0000000000E+00
       329    0.8960000000E+00    0.9187554113E+00    0.4018747133E+03   -0.3125000000E-01
       330    0.8270000000E+00    0.9326375657E+00    0.4034105744E+03    0.0000000000E+00
       331    0.5248000000E+00    0.7228340472E+00    0.3796310339E+03    0.0000000000E+00
       332    0.9400000000E+00    0.9263169352E+00    0.4026941818E+03    0.0000000000E+00
       333    0.9290000000E+00    0.9319617974E+00    0.4033339815E+03    0.0000000000E+00
       334    0.6743000000E+00    0.8099560581E+00    0.3896558903E+03   -0.1250000000E+00
       335    0.5786000000E+00    0.6259163213E+00    0.3674439692E+03    0.1000000000E+01
       336    0.8570000000E+00    0.6130161644E+00    0.3671840606E+03    0.0000000000E+00
       337    0.6870000000E+00    0.5566095706E+00    0.3607908271E+03    0.0000000000E+00
       338    0.5020000000E+00    0.5593921325E+00    0.3611062081E+03    0.0000000000E+00
       339    0.5140000000E+00    0.5471897983E+00    0.3609253921E+03   -0.1000000000E+01
       340    0.7140000000E+00    0.5998014909E+00    0.3656862837E+03    0.0000000000E+00
       341    0.6300000000E+00    0.6016639637E+00    0.3658973800E+03    0.0000000000E+00
       342    0.4885600000E+00    0.6007308132E+00    0.3657916149E+03    0.0000000000E+00
       343    0.5347000000E+00    0.5977400627E+00    0.3654526374E+03    0.0000000000E+00
       344    0.5380000000E+00    0.5959166196E+00    0.3652459648E+03    0.0000000000E+00
       345    0.5124000000E+00    0.5508718566E+00    0.3601405034E+03    0.0000000000E+00
       346    0.4969000000E+00    0.5951640474E+00    0.3651606668E+03    0.0000000000E+00
       347    0.1887620000E+00    0.5908866032E+00    0.3658780733E+03   -0.1000000000E+01
       348    0.3871620000E+00    0.5964988400E+00    0.3653119548E+03    0.0000000000E+00
       349    0.6470510000E+00    0.5820183451E+00    0.3648729276E+03   -0.1000000000E+01
       350    0.4780000000E+00    0.5395120808E+00    0.3600551846E+03   -0.1000000000E+01
       351    0.4710000000E+00    0.5780995684E+00    0.3644287658E+03   -0.1000000000E+01
       352    0.6530000000E+00    0.6037240065E+00    0.3649286489E+03    0.1000000000E+01
       353    0.4220000000E+00    0.5953478399E+00    0.3651814982E+03    0.0000000000E+00
       354    0.6920000000E+00    0.6008705408E+00    0.3658074519E+03    0.0000000000E+00
       355    0.1140650000E+01    0.5998576078E+00    0.3656926441E+03    0.0000000000E+00
       356    0.4135000000E+00    0.4348222431E+00    0.3457849932E+03    0.1000000000E+01
       357    0.4450000000E+00    0.4203179679E+00    0.3453432707E+03    0.0000000000E+00
       358    0.5417270000E+00    0.5857210910E+00    0.3628881633E+03    0.1000000000E+01
       359    0.5435000000E+00    0.5857210910E+00    0.3628881633E+03    0.1000000000E+01
       360    0.5417000000E+00    0.5741233847E+00    0.3627758770E+03    0.0000000000E+00
       361    0.5688000000E+00    0.5980689153E+00    0.3654899102E+03    0.0000000000E+00
       362    0.5093000000E+00    0.5600529293E+00    0.3611811041E+03    0.0000000000E+00
       363    0.6112200000E+00    0.5576939863E+00    0.3609137369E+03    0.0000000000E+00
       364    0.2642000000E+00    0.5574990135E+00    0.3608916383E+03    0.0000000000E+00
       365    0.5451500000E+00    0.5791199053E+00    0.3633421924E+03    0.0000000000E+00
       366    0.5240000000E+00    0.5362939121E+00    0.3584882107E+03    0.0000000000E+00
       367    0.4680000000E+00    0.5253869305E+00    0.3572519921E+03    0.0000000000E+00
       368    0.4500000000E+00    0.3819110198E+00    0.3409901522E+03    0.0000000000E+00
       369    0.5240000000E+00    0.5463507884E+00    0.3596280767E+03    0.0000000000E+00
       370    0.5730000000E+00    0.5244787840E+00    0.3571490610E+03    0.0000000000E+00
       371    0.3990000000E+00    0.5245532992E+00    0.3571575067E+03    0.0000000000E+00
       372    0.4990000000E+00    0.5297886420E+00    0.3565486703E+03    0.1000000000E+01
       373    0.5760000000E+00    0.5743079042E+00    0.3627967908E+03    0.0000000000E+00
       374    0.5460000000E+00    0.5168497148E+00    0.3562843674E+03    0.0000000000E+00
       375    0.4870000000E+00    0.5743344196E+00    0.3627997961E+03    0.0000000000E+00
       376    0.5638000000E+00    0.4909446997E+00    0.3533482424E+03    0.0000000000E+00
       377    0.5006000000E+00    0.5319725723E+00    0.3579984216E+03    0.0000000000E+00
       378    0.4627000000E+00    0.4792231820E+00    0.3520197027E+03    0.0000000000E+00
       379    0.5182000000E+00    0.5495202378E+00    0.3587850879E+03    0.1000000000E+01
       380    0.5347000000E+00    0.5423061281E+00    0.3591696470E+03    0.0000000000E+00
       381    0.5715000000E+00    0.5466077738E+00    0.3608594243E+03   -0.1000000000E+01
       382    0.5739000000E+00    0.5544957760E+00    0.3605512455E+03    0.0000000000E+00
       383    0.5820000000E+00    0.5542662256E+00    0.3611263380E+03   -0.5000000000E+00
       384    0.5360000000E+00    0.5686324956E+00    0.3621535289E+03    0.0000000000E+00
       385    0.5697000000E+00    0.5582922151E+00    0.3621837617E+03   -0.1000000000E+01
       386    0.4994000000E+00    0.5743025046E+00    0.3627961788E+03    0.0000000000E+00
       387    0.6420000000E+00    0.5727459354E+00    0.3626197542E+03    0.0000000000E+00
       388    0.7104000000E+00    0.5909205693E+00    0.3646797027E+03    0.0000000000E+00
       389    0.5090000000E+00    0.6100154308E+00    0.3668439516E+03    0.0000000000E+00
       390    0.5810000000E+00    0.5734121706E+00    0.3626952666E+03    0.0000000000E+00
       391    0.5470000000E+00    0.5191410129E+00    0.3565440676E+03    0.0000000000E+00
       392    0.5650000000E+00    0.5699731278E+00    0.3611032584E+03    0.1000000000E+01
       393    0.5720000000E+00    0.5743079042E+00    0.3627967908E+03    0.0000000000E+00
       394    0.6210000000E+00    0.5374943686E+00    0.3574220524E+03    0.1000000000E+01
       395    0.6878000000E+00    0.6081164191E+00    0.3666287139E+03    0.0000000000E+00
       396    0.5673000000E+00    0.6104248644E+00    0.3668903576E+03    0.0000000000E+00
       397    0.4745000000E+00    0.6165439076E+00    0.3675839019E+03    0.0000000000E+00
       398    0.5411000000E+00    0.5576786919E+00    0.3609120034E+03    0.0000000000E+00
       399    0.5802000000E+00    0.5952567863E+00    0.3651711780E+03    0.0000000000E+00
       400    0.6300000000E+00    0.5208228094E+00    0.3567346857E+03    0.0000000000E+00
       401    0.7130000000E+00    0.5996570616E+00    0.3656699138E+03    0.0000000000E+00
       402    0.6218000000E+00    0.5772145949E+00    0.3631262408E+03    0.0000000000E+00
       403    0.6016000000E+00    0.6083473654E+00    0.3666548898E+03    0.0000000000E+00
       404    0.5827000000E+00    0.5787052477E+00    0.3632951943E+03    0.0000000000E+00
       405    0.5792000000E+00    0.6273200189E+00    0.3688052874E+03    0.0000000000E+00
       406    0.5924000000E+00    0.6239745604E+00    0.3684261066E+03    0.0000000000E+00
       407    0.5856500000E+00    0.6197520002E+00    0.3673464032E+03    0.5000000000E+00
       408    0.7022000000E+00    0.6217641026E+00    0.3681755690E+03    0.0000000000E+00
       409    0.5051000000E+00    0.6418938961E+00    0.3704571191E+03    0.0000000000E+00
       410    0.6000000000E+00    0.6005885481E+00    0.3657754903E+03    0.0000000000E+00
       411    0.6730000000E+00    0.6599826350E+00    0.3725073321E+03    0.0000000000E+00
       412    0.6930000000E+00    0.5687423444E+00    0.3609637590E+03    0.1000000000E+01
       413    0.6180000000E+00    0.5988327331E+00    0.3655764828E+03    0.0000000000E+00
       414    0.5750000000E+00    0.5526518101E+00    0.3603422468E+03    0.0000000000E+00
       415    0.6250000000E+00    0.5627809606E+00    0.3614903045E+03    0.0000000000E+00
       416    0.6030000000E+00    0.5539667565E+00    0.3604912854E+03    0.0000000000E+00
       417    0.5900000000E+00    0.5671315050E+00    0.3619834037E+03    0.0000000000E+00
       418    0.3800000000E+00    0.5587318165E+00    0.3610313666E+03    0.0000000000E+00
       419    0.5460000000E+00    0.5573060452E+00    0.3608697669E+03    0.0000000000E+00
       420    0.6290000000E+00    0.6080063848E+00    0.3666162424E+03    0.0000000000E+00
       421    0.5070000000E+00    0.5636922948E+00    0.3615935969E+03    0.0000000000E+00
       422    0.5540000000E+00    0.5613382883E+00    0.3613267892E+03    0.0000000000E+00
       423    0.7590000000E+00    0.5693514385E+00    0.3622350153E+03    0.0000000000E+00
       424    0.7800000000E+00    0.6208634211E+00    0.3680734840E+03    0.0000000000E+00
       425    0.4730000000E+00    0.4687678707E+00    0.3508346773E+03    0.0000000000E+00
       426    0.4360000000E+00    0.4492331199E+00    0.3534294520E+03   -0.4000000000E+01
       427    0.4860000000E+00    0.4276184871E+00    0.3461707258E+03    0.0000000000E+00
       428    0.2770000000E+00    0.4276184871E+00    0.3461707258E+03    0.0000000000E+00
       429    0.4580000000E+00    0.5585096922E+00    0.3610061906E+03    0.0000000000E+00
       430    0.5040000000E+00    0.5763185406E+00    0.3606202395E+03    0.2000000000E+01
       431    0.5069000000E+00    0.5540779987E+00    0.3605038938E+03    0.0000000000E+00
       432    0.5745000000E+00    0.5862777943E+00    0.3653557019E+03   -0.1000000000E+01
       433    0.4813700000E+00    0.5425385612E+00    0.3603982118E+03   -0.1000000000E+01
       434    0.1480000000E+00    0.4252134499E+00    0.3507070157E+03   -0.4000000000E+01
       435    0.3560000000E+00    0.5546150011E+00    0.3605647587E+03    0.0000000000E+00
       436    0.5830000000E+00    0.5506400078E+00    0.3601142252E+03    0.0000000000E+00
       437    0.4210000000E+00    0.5386322089E+00    0.3599554582E+03   -0.1000000000E+01
       438    0.1048000000E+01    0.5689992369E+00    0.3609928757E+03    0.1000000000E+01
       439    0.4135800000E+00    0.3797733383E+00    0.3407478632E+03    0.0000000000E+00
       440    0.4135000000E+00    0.3797733383E+00    0.3407478632E+03    0.0000000000E+00
       441    0.5279900000E+00    0.5421400067E+00    0.3579485981E+03    0.1000000000E+01
       442    0.4640000000E+00    0.4983658882E+00    0.3541893744E+03    0.0000000000E+00
       443    0.4766000000E+00    0.2562356271E+00    0.3459813838E+03   -0.1600000000E+02
       444    0.4167000000E+00    0.3890445867E+00    0.3417986846E+03    0.0000000000E+00
       445    0.4584000000E+00    0.3866277243E+00    0.3415247527E+03    0.0000000000E+00
       446    0.3109000000E+00    0.6746732395E+00    0.3741723939E+03    0.0000000000E+00
       447    0.4997000000E+00    0.4070296024E+00    0.3438371414E+03    0.0000000000E+00
       448    0.4780000000E+00    0.4949310330E+00    0.3538000612E+03    0.0000000000E+00
       449    0.5150000000E+00    0.5770638881E+00    0.3631091594E+03    0.0000000000E+00
       450    0.4660000000E+00    0.4324282568E+00    0.3461147643E+03    0.5000000000E+00
       451    0.5270000000E+00    0.4833821998E+00    0.3524910939E+03    0.0000000000E+00
       452    0.4610000000E+00    0.5760073279E+00    0.3629894068E+03    0.0000000000E+00
       453    0.4530000000E+00    0.4543856913E+00    0.3492045730E+03    0.0000000000E+00
       454    0.4670000000E+00    0.4969307523E+00    0.3540267133E+03    0.0000000000E+00
       455    0.8120000000E+00    0.7595804796E+00    0.3837959463E+03    0.0000000000E+00
       456    0.4560000000E+00    0.4969566271E+00    0.3540296460E+03    0.0000000000E+00
       457    0.4582000000E+00    0.4022353679E+00    0.3432937535E+03    0.0000000000E+00
       458    0.3986000000E+00    0.4267407583E+00    0.3460712423E+03    0.0000000000E+00
       459    0.4311000000E+00    0.4659561083E+00    0.3481115459E+03    0.2000000000E+01
       460    0.4614000000E+00    0.4970149498E+00    0.3540362564E+03    0.0000000000E+00
       461    0.4798000000E+00    0.4993181508E+00    0.3542973057E+03    0.0000000000E+00
       462    0.5131000000E+00    0.5039250876E+00    0.3560216853E+03   -0.1000000000E+01
       463    0.4494000000E+00    0.3815038404E+00    0.3457528832E+03   -0.4000000000E+01
       464    0.4880000000E+00    0.3829989082E+00    0.3459223371E+03   -0.4000000000E+01
       465    0.4712000000E+00    0.4621664554E+00    0.3500864600E+03    0.0000000000E+00
       466    0.5141000000E+00    0.4705698350E+00    0.3534433562E+03   -0.2000000000E+01
       467    0.4623000000E+00    0.5426795439E+00    0.3580097503E+03    0.1000000000E+01
       468    0.4850000000E+00    0.4401164913E+00    0.3475872740E+03    0.0000000000E+00
       469    0.6250000000E+00    0.4745347115E+00    0.3514883023E+03    0.0000000000E+00
       470    0.4610000000E+00    0.5215787201E+00    0.3568203621E+03    0.0000000000E+00
       471    0.5020000000E+00    0.6268138744E+00    0.3687479200E+03    0.0000000000E+00
       472    0.4850000000E+00    0.4543459188E+00    0.3492000651E+03    0.0000000000E+00
       473    0.4120000000E+00    0.4543856913E+00    0.3492045730E+03    0.0000000000E+00
       474    0.4640000000E+00    0.4969307523E+00    0.3540267133E+03    0.0000000000E+00
       475    0.5280000000E+00    0.4613936789E+00    0.3499988720E+03    0.0000000000E+00
       476    0.6041100000E+00    0.4728242328E+00    0.3512944333E+03    0.0000000000E+00
       477    0.5103000000E+00    0.4579131600E+00    0.3544132647E+03   -0.4000000000E+01
       478    0.4107000000E+00    0.4924007960E+00    0.3535132792E+03    0.0000000000E+00
       479    0.4454000000E+00    0.4705707345E+00    0.3510390174E+03    0.0000000000E+00
       480    0.5158000000E+00    0.5474232077E+00    0.3597496268E+03    0.0000000000E+00
       481    0.4365000000E+00    0.4007438954E+00    0.3431247071E+03    0.0000000000E+00
       482    0.6326000000E+00    0.5365618606E+00    0.3585185805E+03    0.0000000000E+00
       483    0.6420000000E+00    0.5936484780E+00    0.3649888892E+03    0.0000000000E+00
       484    0.7230000000E+00    0.7157590412E+00    0.3788291389E+03    0.0000000000E+00
       485    0.6640000000E+00    0.6591833688E+00    0.3724167417E+03    0.0000000000E+00
       486    0.6962000000E+00    0.7500174085E+00    0.3825617716E+03    0.1250000000E+00
       487    0.7440000000E+00    0.7853315878E+00    0.3867146272E+03    0.0000000000E+00
       488    0.4630000000E+00    0.4880146443E+00    0.3530161442E+03    0.0000000000E+00
       489    0.6494000000E+00    0.5770661080E+00    0.3631094110E+03    0.0000000000E+00
       490    0.3513000000E+00    0.5057347554E+00    0.3550245762E+03    0.0000000000E+00
       491    0.7150000000E+00    0.7210099698E+00    0.3794242894E+03    0.0000000000E+00
       492    0.5980000000E+00    0.5938415759E+00    0.3650107753E+03    0.0000000000E+00
       493    0.6320000000E+00    0.5212144569E+00    0.3567790758E+03    0.0000000000E+00
       494    0.7420000000E+00    0.7172685767E+00    0.3790002326E+03    0.0000000000E+00
       495    0.6520000000E+00    0.6044580994E+00    0.3662140728E+03    0.0000000000E+00
       496    0.6690000000E+00    0.6075180643E+00    0.3665608952E+03    0.0000000000E+00
       497    0.5140000000E+00    0.4959901245E+00    0.3539201007E+03    0.0000000000E+00
       498    0.5281000000E+00    0.5061503182E+00    0.3550716769E+03    0.0000000000E+00
       499    0.3902000000E+00    0.5298723323E+00    0.3577603763E+03    0.0000000000E+00
       500    0.4550000000E+00    0.3844496454E+00    0.3508956480E+03   -0.8000000000E+01
       501    0.5386900000E+00    0.4785377236E+00    0.3519420115E+03    0.0000000000E+00
       502    0.4611000000E+00    0.5047838330E+00    0.3549167968E+03    0.0000000000E+00
       503    0.5202200000E+00    0.5579361354E+00    0.3585367418E+03    0.2000000000E+01
       504    0.6556000000E+00    0.4824716208E+00    0.3523878871E+03    0.0000000000E+00
       505    0.4496080000E+00    0.4232120516E+00    0.3456712918E+03    0.0000000000E+00
       506    0.4720000000E+00    0.5222139165E+00    0.3568923565E+03    0.0000000000E+00
       507    0.7590000000E+00    0.6549497996E+00    0.3719369007E+03    0.0000000000E+00
       508    0.2920000000E+00    0.4465790171E+00    0.3483197493E+03    0.0000000000E+00
       509    0.4427000000E+00    0.5228512763E+00    0.3569645961E+03    0.0000000000E+00
       510    0.4430000000E+00    0.5511382313E+00    0.3505529318E+03    0.8000000000E+01
       511    0.4762000000E+00    0.4483607765E+00    0.3533305789E+03   -0.4000000000E+01
       512    0.4658400000E+00    0.4424343603E+00    0.3478499858E+03    0.0000000000E+00
       513    0.6056000000E+00    0.7146870286E+00    0.3787076349E+03    0.0000000000E+00
       514    0.1617000000E+00    0.2567788814E+00    0.3460429573E+03   -0.1600000000E+02
       515    0.1935000000E+00    0.4245815542E+00    0.3458265139E+03    0.0000000000E+00
       516    0.3310000000E+00    0.4203930707E+00    0.3453517830E+03    0.0000000000E+00
       517    0.3720000000E+00    0.4430918264E+00    0.3527333858E+03   -0.4000000000E+01
       518    0.1048000000E+01    0.7340743889E+00    0.3424339841E+03    0.3200000000E+02
       519    0.3180000000E+00    0.3475726976E+00    0.3370981797E+03    0.0000000000E+00
       520    0.3810000000E+00    0.3475726976E+00    0.3370981797E+03    0.0000000000E+00
       521    0.8822000000E+00    0.8986761551E+00    0.3995613218E+03    0.0000000000E+00
       522    0.5880000000E+00    0.6256874319E+00    0.3686202468E+03    0.0000000000E+00
       523    0.8148000000E+00    0.8045013925E+00    0.3888873703E+03    0.0000000000E+00
       524    0.5556000000E+00    0.6060213600E+00    0.3669923660E+03   -0.5000000000E+00
       525    0.4584000000E+00    0.3704623341E+00    0.3396925358E+03    0.0000000000E+00
       526    0.2950000000E+00    0.6087298627E+00    0.3666982428E+03    0.0000000000E+00
       527    0.4694000000E+00    0.3756554006E+00    0.3402811281E+03    0.0000000000E+00
       528    0.4310000000E+00    0.4607252089E+00    0.3499231063E+03    0.0000000000E+00
       529    0.4050000000E+00    0.4205433355E+00    0.3453688143E+03    0.0000000000E+00
       530    0.4190000000E+00    0.3422802028E+00    0.3364983180E+03    0.0000000000E+00
       531    0.4650000000E+00    0.3959863129E+00    0.3425854734E+03    0.0000000000E+00
       532    0.3380000000E+00    0.4833439589E+00    0.3524867596E+03    0.0000000000E+00
       533    0.4210000000E+00    0.4289622455E+00    0.3463230300E+03    0.0000000000E+00
       534    0.4210000000E+00    0.4688351415E+00    0.3508423019E+03    0.0000000000E+00
       535    0.4530000000E+00    0.5116497684E+00    0.3460772323E+03    0.8000000000E+01
       536    0.4560000000E+00    0.3863088133E+00    0.3414886067E+03    0.0000000000E+00
       537    0.7382000000E+00    0.6474158699E+00    0.3710829904E+03    0.0000000000E+00
       538    0.6145000000E+00    0.5813942379E+00    0.3635999697E+03    0.0000000000E+00
       539    0.7056000000E+00    0.8249771850E+00    0.3912081366E+03    0.0000000000E+00
       540    0.6674000000E+00    0.6528769007E+00    0.3717019543E+03    0.0000000000E+00
       541    0.3817000000E+00    0.4097640100E+00    0.3441470645E+03    0.0000000000E+00
       542    0.6365000000E+00    0.6079685939E+00    0.3666119591E+03    0.0000000000E+00
       543    0.6385000000E+00    0.6055561315E+00    0.3663385259E+03    0.0000000000E+00
       544    0.8663000000E+00    0.8628452797E+00    0.3955377498E+03   -0.3125000000E-01
       545    0.5762000000E+00    0.6197796212E+00    0.3679506440E+03    0.0000000000E+00
       546    0.4709000000E+00    0.3946982196E+00    0.3472483599E+03   -0.4000000000E+01
       547    0.5421000000E+00    0.6265364246E+00    0.3687164733E+03    0.0000000000E+00
       548    0.6770000000E+00    0.6290435951E+00    0.3690006409E+03    0.0000000000E+00
       549    0.9101000000E+00    0.7861968597E+00    0.3868126988E+03    0.0000000000E+00
       550    0.6150000000E+00    0.7286847396E+00    0.3802941628E+03    0.0000000000E+00
       551    0.4390000000E+00    0.5330826775E+00    0.3581242431E+03    0.0000000000E+00
       552    0.3600000000E+00    0.4284620529E+00    0.3462663372E+03    0.0000000000E+00
       553    0.3820000000E+00    0.5133576532E+00    0.3462708073E+03    0.8000000000E+01
       554    0.4170000000E+00    0.4688351415E+00    0.3508423019E+03    0.0000000000E+00
       555    0.4810000000E+00    0.4144898118E+00    0.3446826961E+03    0.0000000000E+00
       556    0.9940000000E+00    0.9179953731E+00    0.4017509997E+03    0.0000000000E+00
       557    0.6571000000E+00    0.7252078488E+00    0.3802006403E+03   -0.2500000000E+00
       558    0.4745000000E+00    0.5704173475E+00    0.3623558275E+03    0.0000000000E+00
       559    0.7272000000E+00    0.7638744110E+00    0.3842074901E+03    0.6250000000E-01
       560    0.7300000000E+00    0.7212237018E+00    0.3794485142E+03    0.0000000000E+00
       561    0.8263000000E+00    0.6661528455E+00    0.3732066758E+03    0.0000000000E+00
       562    0.6878000000E+00    0.5750801240E+00    0.3628843157E+03    0.0000000000E+00
       563    0.7468000000E+00    0.6758340083E+00    0.3743039577E+03    0.0000000000E+00
       564    0.6999000000E+00    0.6868544219E+00    0.3755530329E+03    0.0000000000E+00
       565    0.4937000000E+00    0.4808531716E+00    0.3522044489E+03    0.0000000000E+00
       566    0.4652000000E+00    0.4828058581E+00    0.3524257702E+03    0.0000000000E+00
       567    0.5476000000E+00    0.5791928633E+00    0.3633504616E+03    0.0000000000E+00
       568    0.5017000000E+00    0.5353228560E+00    0.3583781493E+03    0.0000000000E+00
       569    0.6067000000E+00    0.5383743077E+00    0.3587240068E+03    0.0000000000E+00
       570    0.4665000000E+00    0.6068531949E+00    0.3664855376E+03    0.0000000000E+00
       571    0.5290000000E+00    0.5446440987E+00    0.3570301964E+03    0.2000000000E+01
       572    0.5680000000E+00    0.5573947105E+00    0.3608798164E+03    0.0000000000E+00
       573    0.7390000000E+00    0.5964044125E+00    0.3653012522E+03    0.0000000000E+00
       574    0.5720000000E+00    0.5593453290E+00    0.3611009033E+03    0.0000000000E+00
       575    0.5630000000E+00    0.5260675258E+00    0.3573291321E+03    0.0000000000E+00
       576    0.8870000000E+00    0.8061077042E+00    0.3890694328E+03    0.0000000000E+00
       577    0.6800000000E+00    0.7163650745E+00    0.3788978279E+03    0.0000000000E+00
       578    0.6790000000E+00    0.7307719226E+00    0.3805307282E+03    0.0000000000E+00
       579    0.4327000000E+00    0.6079588764E+00    0.3666108577E+03    0.0000000000E+00
       580    0.7130000000E+00    0.7191631523E+00    0.3792149675E+03    0.0000000000E+00
       581    0.7190000000E+00    0.6590803513E+00    0.3724050655E+03    0.0000000000E+00
       582    0.5766000000E+00    0.6656732931E+00    0.3731523224E+03    0.0000000000E+00
       583    0.5021000000E+00    0.5490414392E+00    0.3551241588E+03    0.4000000000E+01
       584    0.4270000000E+00    0.4599865715E+00    0.3498393877E+03    0.0000000000E+00
       585    0.5620000000E+00    0.4659401711E+00    0.3505141803E+03    0.0000000000E+00
       586    0.4730000000E+00    0.3964360890E+00    0.3426364519E+03    0.0000000000E+00
       587    0.3900000000E+00    0.4655385140E+00    0.3504686557E+03    0.0000000000E+00
       588    0.4400000000E+00    0.4109717729E+00    0.3442839547E+03    0.0000000000E+00
       589    0.5874800000E+00    0.4272638347E+00    0.3461305288E+03    0.0000000000E+00
       590    0.4736000000E+00    0.5959006823E+00    0.3460086324E+03    0.1600000000E+02
       591    0.4608900000E+00    0.4248499359E+00    0.3458569328E+03    0.0000000000E+00
       592    0.5279000000E+00    0.4969747620E+00    0.3564361422E+03   -0.2000000000E+01
       593    0.4503000000E+00    0.5189233671E+00    0.3565193992E+03    0.0000000000E+00
       594    0.1617000000E+00    0.3949878026E+00    0.3424723003E+03    0.0000000000E+00
       595    0.1833000000E+00    0.4082893019E+00    0.3439799182E+03    0.0000000000E+00
       596    0.3470000000E+00    0.3544122461E+00    0.3474911505E+03   -0.8000000000E+01
       597    0.3470000000E+00    0.4164010854E+00    0.3497082051E+03   -0.4000000000E+01
       598    0.9240000000E+00    0.4267131877E+00    0.3460681174E+03    0.0000000000E+00
       599    0.3340000000E+00    0.3463985851E+00    0.3369651035E+03    0.0000000000E+00
       600    0.3650000000E+00    0.3199364189E+00    0.3339658299E+03    0.0000000000E+00
       601    0.4660000000E+00    0.4975433799E+00    0.3540961497E+03    0.0000000000E+00
       602    0.6500000000E+00    0.6886903228E+00    0.3757611175E+03    0.0000000000E+00
       603    0.5073700000E+00    0.3943780902E+00    0.3424031943E+03    0.0000000000E+00
       604    0.4167000000E+00    0.3728662304E+00    0.3399649981E+03    0.0000000000E+00
       605    0.4431000000E+00    0.3558118030E+00    0.3380320160E+03    0.0000000000E+00
       606    0.2331000000E+00    0.4267800756E+00    0.3460756986E+03    0.0000000000E+00
       607    0.4845700000E+00    0.3904034092E+00    0.3419526962E+03    0.0000000000E+00
       608    0.4050000000E+00    0.4273558769E+00    0.3485454018E+03   -0.2000000000E+01
       609    0.3880000000E+00    0.3089316588E+00    0.3327185289E+03    0.0000000000E+00
       610    0.4650000000E+00    0.4199352641E+00    0.3452998943E+03    0.0000000000E+00
       611    0.3070000000E+00    0.4704791467E+00    0.3486241959E+03    0.2000000000E+01
       612    0.3890000000E+00    0.3579733873E+00    0.3478947772E+03   -0.8000000000E+01
       613    0.4990000000E+00    0.4530508017E+00    0.3490532740E+03    0.0000000000E+00
       614    0.4870000000E+00    0.4028594704E+00    0.3433644905E+03    0.0000000000E+00
       615    0.4858000000E+00    0.4697641118E+00    0.3461387117E+03    0.4000000000E+01
       616    0.4570000000E+00    0.5002968667E+00    0.3532060149E+03    0.1000000000E+01
       617    0.4172000000E+00    0.4840129368E+00    0.3501581421E+03    0.2000000000E+01
       618    0.4036000000E+00    0.4353070982E+00    0.3470421680E+03    0.0000000000E+00
       619    0.3958000000E+00    0.4243382128E+00    0.3457989331E+03    0.0000000000E+00
       620    0.5223000000E+00    0.5125687359E+00    0.3557991529E+03    0.0000000000E+00
       621    0.6851000000E+00    0.6757736290E+00    0.3742971142E+03    0.0000000000E+00
       622    0.4888000000E+00    0.4915171929E+00    0.3534131299E+03    0.0000000000E+00
       623    0.4944000000E+00    0.4199361304E+00    0.3501088740E+03   -0.4000000000E+01
       624    0.4316000000E+00    0.4974449547E+00    0.3540849940E+03    0.0000000000E+00
       625    0.5250000000E+00    0.5005203552E+00    0.3544335659E+03    0.0000000000E+00
       626    0.8240000000E+00    0.7075237667E+00    0.3778957368E+03    0.0000000000E+00
       627    0.5550000000E+00    0.6622324692E+00    0.3727623327E+03    0.0000000000E+00
       628    0.4550000000E+00    0.4689419643E+00    0.3508544094E+03    0.0000000000E+00
       629    0.3860000000E+00    0.3579733873E+00    0.3478947772E+03   -0.8000000000E+01
       630    0.4970000000E+00    0.4350653528E+00    0.3470147681E+03    0.0000000000E+00
       631    0.6040000000E+00    0.4729065254E+00    0.3513037605E+03    0.0000000000E+00
       632    0.4968000000E+00    0.4323305004E+00    0.3515136761E+03   -0.4000000000E+01
       633    0.4107000000E+00    0.4929964589E+00    0.3535807928E+03    0.0000000000E+00
       634    0.6617000000E+00    0.6818578228E+00    0.3749867086E+03    0.0000000000E+00
       635    0.6527000000E+00    0.6534252767E+00    0.3717641083E+03    0.0000000000E+00
       636    0.7254000000E+00    0.5988186668E+00    0.3655748885E+03    0.0000000000E+00
       637    0.5460000000E+00    0.4675240100E+00    0.3506936957E+03    0.0000000000E+00
       638    0.5200000000E+00    0.4922226342E+00    0.3534930860E+03    0.0000000000E+00
       639    0.4670000000E+00    0.4680140395E+00    0.3507492366E+03    0.0000000000E+00
       640    0.5130000000E+00    0.4963276967E+00    0.3539583618E+03    0.0000000000E+00
       641    0.5055000000E+00    0.5428745240E+00    0.3592340701E+03    0.0000000000E+00
       642    0.4814000000E+00    0.4921707999E+00    0.3534872110E+03    0.0000000000E+00
       643    0.4850000000E+00    0.5376361411E+00    0.3562359008E+03    0.2000000000E+01
       644    0.5745000000E+00    0.5059120534E+00    0.3550446715E+03    0.0000000000E+00
       645    0.4267000000E+00    0.5720718055E+00    0.3625433470E+03    0.0000000000E+00
       646    0.5290000000E+00    0.4938970601E+00    0.3536828687E+03    0.0000000000E+00
       647    0.5080000000E+00    0.4672550258E+00    0.3506632085E+03    0.0000000000E+00
       648    0.1232000000E+01    0.9171227880E+00    0.4016520992E+03    0.0000000000E+00
       649    0.5353000000E+00    0.4975319657E+00    0.3540948560E+03    0.0000000000E+00
       650    0.5410000000E+00    0.5986362436E+00    0.3655542123E+03    0.0000000000E+00
       651    0.5900000000E+00    0.6111794985E+00    0.3669758893E+03    0.0000000000E+00
       652    0.3567000000E+00    0.4748155925E+00    0.3515201379E+03    0.0000000000E+00
       653    0.5760000000E+00    0.6029248101E+00    0.3660402868E+03    0.0000000000E+00
       654    0.5390000000E+00    0.4525809298E+00    0.3490000178E+03    0.0000000000E+00
       655    0.4613000000E+00    0.5050262155E+00    0.3549442689E+03    0.0000000000E+00
       656    0.4887000000E+00    0.5231909237E+00    0.3521942109E+03    0.4000000000E+01
       657    0.6436000000E+00    0.4355321296E+00    0.3470676735E+03    0.0000000000E+00
       658    0.4119000000E+00    0.3685145099E+00    0.3394717656E+03    0.0000000000E+00
       659    0.4430000000E+00    0.4276184871E+00    0.3461707258E+03    0.0000000000E+00
       660    0.4860000000E+00    0.4683011142E+00    0.3507817742E+03    0.0000000000E+00
       661    0.4150000000E+00    0.4683011142E+00    0.3507817742E+03    0.0000000000E+00
       662    0.3969000000E+00    0.4683011142E+00    0.3507817742E+03    0.0000000000E+00
       663    0.5041000000E+00    0.5792538472E+00    0.3441218476E+03    0.1600000000E+02
       664    0.4979000000E+00    0.4085619855E+00    0.3440108247E+03    0.0000000000E+00
       665    0.9780000000E+00    0.9223883308E+00    0.4022489061E+03    0.0000000000E+00
       666    0.5435000000E+00    0.6449631692E+00    0.3714061067E+03   -0.5000000000E+00
       667    0.1480000000E+00    0.4504251057E+00    0.3535645540E+03   -0.4000000000E+01
       668    0.2030000000E+00    0.3589824788E+00    0.3480091496E+03   -0.8000000000E+01
       669    0.3780000000E+00    0.4608895117E+00    0.3499417287E+03    0.0000000000E+00
       670    0.5820000000E+00    0.7026267441E+00    0.3776412538E+03   -0.2500000000E+00
       671    0.8780000000E+00    0.5102945869E+00    0.3507325149E+03    0.4000000000E+01
       672    0.3022000000E+00    0.3199364189E+00    0.3339658299E+03    0.0000000000E+00
       673    0.3340000000E+00    0.2772271398E+00    0.3291250768E+03    0.0000000000E+00
       674    0.5880000000E+00    0.6321415565E+00    0.3687506597E+03    0.5000000000E+00
       675    0.5260000000E+00    0.5324433750E+00    0.3580517833E+03    0.0000000000E+00
       676    0.4278000000E+00    0.4267800756E+00    0.3460756986E+03    0.0000000000E+00
       677    0.2487000000E+00    0.4521232334E+00    0.3489481416E+03    0.0000000000E+00
       678    0.4390000000E+00    0.5319520249E+00    0.3483783297E+03    0.8000000000E+01
       679    0.3900000000E+00    0.3747039577E+00    0.3401732897E+03    0.0000000000E+00
       680    0.2920000000E+00    0.4205359525E+00    0.3453679775E+03    0.0000000000E+00
       681    0.5150000000E+00    0.4796649805E+00    0.3520697770E+03    0.0000000000E+00
       682    0.4710000000E+00    0.4677820257E+00    0.3507229397E+03    0.0000000000E+00
       683    0.5211000000E+00    0.4565467296E+00    0.3494495093E+03    0.0000000000E+00
       684    0.4056000000E+00    0.4159441329E+00    0.3448475317E+03    0.0000000000E+00
       685    0.3852000000E+00    0.4764415501E+00    0.3468955456E+03    0.4000000000E+01
       686    0.7591000000E+00    0.7395170569E+00    0.3815219188E+03    0.0000000000E+00
       687    0.4494000000E+00    0.3816486438E+00    0.3457692955E+03   -0.4000000000E+01
       688    0.5078000000E+00    0.4511902135E+00    0.3488423913E+03    0.0000000000E+00
       689    0.4504000000E+00    0.4370731998E+00    0.3472423414E+03    0.0000000000E+00
       690    0.4368000000E+00    0.4152964134E+00    0.3447741179E+03    0.0000000000E+00
       691    0.3879000000E+00    0.4433252246E+00    0.3479509581E+03    0.0000000000E+00
       692    0.4970000000E+00    0.4704741092E+00    0.3510280657E+03    0.0000000000E+00
       693    0.7563000000E+00    0.6416421420E+00    0.3704285848E+03    0.0000000000E+00
       694    0.4480000000E+00    0.5307723406E+00    0.3578623850E+03    0.0000000000E+00
       695    0.4390000000E+00    0.4429243263E+00    0.3479055195E+03    0.0000000000E+00
       696    0.3870000000E+00    0.4628349105E+00    0.3501622240E+03    0.0000000000E+00
       697    0.3855000000E+00    0.4103435598E+00    0.3442127518E+03    0.0000000000E+00
       698    0.4621100000E+00    0.5085216723E+00    0.3553404508E+03    0.0000000000E+00
       699    0.4365000000E+00    0.4011029540E+00    0.3431654035E+03    0.0000000000E+00
       700    0.5600000000E+00    0.4357342815E+00    0.3518994673E+03   -0.4000000000E+01
       701    0.6218000000E+00    0.5765689673E+00    0.3630530641E+03    0.0000000000E+00
       702    0.6563000000E+00    0.6511392926E+00    0.3715050104E+03    0.0000000000E+00
       703    0.4915000000E+00    0.4578210142E+00    0.3495939392E+03    0.0000000000E+00
       704    0.4526000000E+00    0.4592032535E+00    0.3497506049E+03    0.0000000000E+00
       705    0.4777800000E+00    0.4806437319E+00    0.3521807106E+03    0.0000000000E+00
       706    0.4749000000E+00    0.5039317664E+00    0.3548202219E+03    0.0000000000E+00
       707    0.5508000000E+00    0.4784381947E+00    0.3519307307E+03    0.0000000000E+00
       708    0.3242000000E+00    0.4783790771E+00    0.3519240302E+03    0.0000000000E+00
       709    0.4860000000E+00    0.4682039877E+00    0.3507707657E+03    0.0000000000E+00
       710    0.5230000000E+00    0.4931759600E+00    0.3536011378E+03    0.0000000000E+00
       711    0.6160000000E+00    0.4932383658E+00    0.3536082110E+03    0.0000000000E+00
       712    0.4950000000E+00    0.4681168832E+00    0.3507608931E+03    0.0000000000E+00
       713    0.5048000000E+00    0.5125226992E+00    0.3509850535E+03    0.4000000000E+01
       714    0.6110000000E+00    0.5293381056E+00    0.3576998260E+03    0.0000000000E+00
       715    0.5250000000E+00    0.5198423445E+00    0.3566235579E+03    0.0000000000E+00
       716    0.5460000000E+00    0.5334195378E+00    0.3581624235E+03    0.0000000000E+00
       717    0.3750000000E+00    0.5005373595E+00    0.3544354932E+03    0.0000000000E+00
       718    0.6520000000E+00    0.6514860671E+00    0.3715443145E+03    0.0000000000E+00
       719    0.6140000000E+00    0.5641059431E+00    0.3616404806E+03    0.0000000000E+00
       720    0.4567000000E+00    0.4569586936E+00    0.3494962021E+03    0.0000000000E+00
       721    0.4783000000E+00    0.4586350631E+00    0.3496862051E+03    0.0000000000E+00
       722    0.6558000000E+00    0.4224839788E+00    0.3455887706E+03    0.0000000000E+00
       723    0.4140000000E+00    0.3803149700E+00    0.3408092528E+03    0.0000000000E+00
       724    0.4790000000E+00    0.4321318997E+00    0.3466822848E+03    0.0000000000E+00
       725    0.3050000000E+00    0.4313187542E+00    0.3465901213E+03    0.0000000000E+00
       726    0.4270000000E+00    0.4273169747E+00    0.3461365518E+03    0.0000000000E+00
       727    0.5350000000E+00    0.3948124810E+00    0.3424524290E+03    0.0000000000E+00
       728    0.5070000000E+00    0.3935592328E+00    0.3423103834E+03    0.0000000000E+00
       729    0.4350000000E+00    0.4905295851E+00    0.3533011925E+03    0.0000000000E+00
       730    0.1617000000E+00    0.2400853469E+00    0.3441508795E+03   -0.1600000000E+02
       731    0.5413000000E+00    0.4021848676E+00    0.3432880297E+03    0.0000000000E+00
       732    0.3650000000E+00    0.3250008472E+00    0.3345398421E+03    0.0000000000E+00
       733    0.4766000000E+00    0.4277388600E+00    0.3461843691E+03    0.0000000000E+00
       734    0.4432000000E+00    0.3577624453E+00    0.3382531056E+03    0.0000000000E+00
       735    0.4694000000E+00    0.3776190213E+00    0.3405036887E+03    0.0000000000E+00
       736    0.4970000000E+00    0.4889701210E+00    0.3531244398E+03    0.0000000000E+00
       737    0.4650000000E+00    0.3747632923E+00    0.3401800148E+03    0.0000000000E+00
       738    0.3380000000E+00    0.5046697839E+00    0.3524994295E+03    0.2000000000E+01
       739    0.3900000000E+00    0.4079207040E+00    0.3439381406E+03    0.0000000000E+00
       740    0.4555000000E+00    0.3718590561E+00    0.3398508430E+03    0.0000000000E+00
       741    0.4385000000E+00    0.3805697054E+00    0.3408381250E+03    0.0000000000E+00
       742    0.3767000000E+00    0.4656073704E+00    0.3408586970E+03    0.8000000000E+01
       743    0.3719000000E+00    0.4544383181E+00    0.3395927748E+03    0.8000000000E+01
       744    0.3850000000E+00    0.4762908354E+00    0.3468784633E+03    0.4000000000E+01
       745    0.4033000000E+00    0.4346792477E+00    0.3469710062E+03    0.0000000000E+00
       746    0.4250000000E+00    0.4491876664E+00    0.3486154187E+03    0.0000000000E+00
       747    0.4521000000E+00    0.4024316783E+00    0.3433160037E+03    0.0000000000E+00
       748    0.4634000000E+00    0.4033031058E+00    0.3434147730E+03    0.0000000000E+00
       749    0.4207000000E+00    0.4153690793E+00    0.3447823540E+03    0.0000000000E+00
       750    0.3749000000E+00    0.4217792274E+00    0.3455088927E+03    0.0000000000E+00
       751    0.4551000000E+00    0.4229785291E+00    0.3456448239E+03    0.0000000000E+00
       752    0.7578000000E+00    0.6431828742E+00    0.3706032144E+03    0.0000000000E+00
       753    0.3734000000E+00    0.4519644272E+00    0.3489301422E+03    0.0000000000E+00
       754    0.5695000000E+00    0.4504327005E+00    0.3487565333E+03    0.0000000000E+00
       755    0.4787000000E+00    0.4520644899E+00    0.3489414835E+03    0.0000000000E+00
       756    0.3564000000E+00    0.4151620686E+00    0.3447588910E+03    0.0000000000E+00
       757    0.3696000000E+00    0.3859874080E+00    0.3414521780E+03    0.0000000000E+00
       758    0.3699000000E+00    0.4238354236E+00    0.3457419460E+03    0.0000000000E+00
       759    0.4312000000E+00    0.3781526366E+00    0.3405641697E+03    0.0000000000E+00
       760    0.4893000000E+00    0.4553924218E+00    0.3493186778E+03    0.0000000000E+00
       761    0.4694000000E+00    0.4548469371E+00    0.3492568515E+03    0.0000000000E+00
       762    0.4915000000E+00    0.4575871034E+00    0.3495674273E+03    0.0000000000E+00
       763    0.4526000000E+00    0.4591559815E+00    0.3497452470E+03    0.0000000000E+00
       764    0.4777000000E+00    0.4577753823E+00    0.3495887672E+03    0.0000000000E+00
       765    0.4470000000E+00    0.4540172311E+00    0.3491628110E+03    0.0000000000E+00
       766    0.5340000000E+00    0.4554421333E+00    0.3493243122E+03    0.0000000000E+00
       767    0.3056000000E+00    0.4553346144E+00    0.3493121258E+03    0.0000000000E+00
       768    0.5069600000E+00    0.4530447695E+00    0.3490525903E+03    0.0000000000E+00
       769    0.4950000000E+00    0.4506787391E+00    0.3487844198E+03    0.0000000000E+00
       770    0.1132300000E+01    0.9071043662E+00    0.4005165917E+03    0.0000000000E+00
       771    0.5698000000E+00    0.5039333836E+00    0.3548204052E+03    0.0000000000E+00
       772    0.4870000000E+00    0.4115622815E+00    0.3443508841E+03    0.0000000000E+00
       773    0.5282560000E+00    0.5064763731E+00    0.3551086326E+03    0.0000000000E+00
       774    0.4550000000E+00    0.4532848403E+00    0.3490798004E+03    0.0000000000E+00
       775    0.5356000000E+00    0.4565544417E+00    0.3494503834E+03    0.0000000000E+00
       776    0.4790000000E+00    0.4587616570E+00    0.3497005535E+03    0.0000000000E+00
