     Index              y_true              y_pred        descriptor_1
         1    0.4120000000E+00    0.4469915366E+00    0.3483726148E+03
         2    0.3580000000E+00    0.4447114499E+00    0.3481139947E+03
         3    0.4560000000E+00    0.4465254556E+00    0.3483197493E+03
         4    0.2460000000E+00    0.4108973956E+00    0.3442786168E+03
         5    0.3837000000E+00    0.4465861659E+00    0.3483266354E+03
         6    0.3820000000E+00    0.4465861659E+00    0.3483266354E+03
         7    0.2982800000E+00    0.4452424440E+00    0.3481742230E+03
         8    0.4277000000E+00    0.4451005377E+00    0.3481581272E+03
         9    0.4300000000E+00    0.4248653210E+00    0.3458629365E+03
        10    0.4503000000E+00    0.4882720080E+00    0.3530548752E+03
        11    0.4350000000E+00    0.4893544026E+00    0.3531776464E+03
        12    0.1340000000E+00    0.4458043650E+00    0.3482379592E+03
        13    0.1120000000E+00    0.3932269342E+00    0.3422743349E+03
        14    0.2525080000E+00    0.4037499737E+00    0.3434679165E+03
        15    0.4140000000E+00    0.4376479016E+00    0.3473128078E+03
        16    0.3350000000E+00    0.4380520918E+00    0.3473586533E+03
        17    0.4776000000E+00    0.4378374673E+00    0.3473343094E+03
        18    0.3170000000E+00    0.4469915366E+00    0.3483726148E+03
        19    0.4570000000E+00    0.3958607110E+00    0.3425730725E+03
        20    0.8323680000E+00    0.4448151558E+00    0.3481257576E+03
        21    0.3022000000E+00    0.3250368974E+00    0.3345398421E+03
        22    0.3340000000E+00    0.3204751071E+00    0.3340224185E+03
        23    0.4489000000E+00    0.4714565118E+00    0.3511475682E+03
        24    0.4503000000E+00    0.4681904269E+00    0.3507771107E+03
        25    0.4489000000E+00    0.4692722501E+00    0.3508998171E+03
        26    0.4304000000E+00    0.4465320802E+00    0.3483205007E+03
        27    0.3858000000E+00    0.4076878085E+00    0.3439145676E+03
        28    0.3973000000E+00    0.4077336315E+00    0.3439197651E+03
        29    0.2180000000E+00    0.4053176715E+00    0.3436457335E+03
        30    0.4240000000E+00    0.4283172080E+00    0.3462544687E+03
        31    0.4005000000E+00    0.4319259591E+00    0.3466637933E+03
        32    0.3900000000E+00    0.3959700417E+00    0.3425854734E+03
        33    0.3725000000E+00    0.2810671220E+00    0.3295525459E+03
        34    0.4000000000E+00    0.4416439507E+00    0.3477660619E+03
        35    0.4640000000E+00    0.3747626640E+00    0.3401800148E+03
        36    0.2610000000E+00    0.3748335872E+00    0.3401880593E+03
        37    0.3900000000E+00    0.4074943900E+00    0.3438926290E+03
        38    0.3740000000E+00    0.4217135533E+00    0.3455054455E+03
        39    0.4370000000E+00    0.4067097696E+00    0.3438036330E+03
        40    0.3927000000E+00    0.4208757545E+00    0.3454104177E+03
        41    0.4370000000E+00    0.3773496692E+00    0.3404734473E+03
        42    0.3710000000E+00    0.3788083757E+00    0.3406389019E+03
        43    0.3550000000E+00    0.4127056636E+00    0.3444837206E+03
        44    0.3430000000E+00    0.3862850559E+00    0.3414869485E+03
        45    0.3620000000E+00    0.3832969462E+00    0.3411480205E+03
        46    0.3710000000E+00    0.3963155080E+00    0.3426246581E+03
        47    0.4410000000E+00    0.4010782918E+00    0.3431648795E+03
        48    0.4600000000E+00    0.3963784806E+00    0.3426318008E+03
        49    0.4020000000E+00    0.4117884479E+00    0.3443796849E+03
        50    0.4380000000E+00    0.4114596013E+00    0.3443423853E+03
        51    0.3530000000E+00    0.4668054515E+00    0.3506200191E+03
        52    0.4540000000E+00    0.4190771007E+00    0.3452064044E+03
        53    0.6014000000E+00    0.4279832541E+00    0.3462165898E+03
        54    0.3690000000E+00    0.4465861659E+00    0.3483266354E+03
        55    0.4240000000E+00    0.4217387866E+00    0.3455083076E+03
        56    0.3280000000E+00    0.4074552506E+00    0.3438881896E+03
        57    0.3670000000E+00    0.4074943900E+00    0.3438926290E+03
        58    0.3710000000E+00    0.4217135533E+00    0.3455054455E+03
        59    0.4810000000E+00    0.4145199787E+00    0.3446895103E+03
        60    0.5540000000E+00    0.4448983320E+00    0.3481351919E+03
        61    0.4630000000E+00    0.4453662451E+00    0.3481882652E+03
        62    0.3370000000E+00    0.4572297885E+00    0.3495338942E+03
        63    0.3530000000E+00    0.3739860357E+00    0.3400919253E+03
        64    0.3340000000E+00    0.4162203195E+00    0.3448823724E+03
        65    0.4200000000E+00    0.3749848961E+00    0.3402052216E+03
        66    0.5462000000E+00    0.4462703403E+00    0.3482908127E+03
        67    0.4880000000E+00    0.4455051335E+00    0.3482040187E+03
        68    0.4650000000E+00    0.4468144328E+00    0.3483525267E+03
        69    0.4830000000E+00    0.4494280731E+00    0.3486489803E+03
        70    0.4440000000E+00    0.4716559651E+00    0.3511701913E+03
        71    0.4620000000E+00    0.4718578782E+00    0.3511930934E+03
        72    0.4470000000E+00    0.4468762284E+00    0.3483595359E+03
        73    0.5340000000E+00    0.4467833693E+00    0.3483490033E+03
        74    0.3020000000E+00    0.4463710715E+00    0.3483022382E+03
        75    0.4720000000E+00    0.4467598516E+00    0.3483463358E+03
        76    0.5080000000E+00    0.4463933311E+00    0.3483047630E+03
        77    0.5700000000E+00    0.4463765729E+00    0.3483028622E+03
        78    0.4950000000E+00    0.4467861473E+00    0.3483493184E+03
        79    0.4750000000E+00    0.4440768857E+00    0.3480420189E+03
        80    0.5520000000E+00    0.4741353041E+00    0.3514514117E+03
        81    0.4790000000E+00    0.4435382417E+00    0.3479809229E+03
        82    0.5020000000E+00    0.4773472557E+00    0.3518157291E+03
        83    0.3380000000E+00    0.4492311245E+00    0.3486266413E+03
        84    0.4550000000E+00    0.4475108579E+00    0.3484315191E+03
        85    0.5240000000E+00    0.4747440135E+00    0.3515204549E+03
        86    0.4490000000E+00    0.4736837480E+00    0.3514001937E+03
        87    0.4790000000E+00    0.4524354297E+00    0.3489900914E+03
        88    0.6480000000E+00    0.4166669269E+00    0.3449330291E+03
        89    0.4060000000E+00    0.3583112145E+00    0.3383140000E+03
        90    0.8830000000E+00    0.9999196624E+00    0.4110887946E+03
        91    0.1106000000E+01    0.9972291011E+00    0.4107836162E+03
        92    0.1428000000E+01    0.1009396785E+01    0.4121637425E+03
        93    0.1245000000E+01    0.1009396785E+01    0.4121637425E+03
        94    0.6870500000E+00    0.8101815534E+00    0.3895676442E+03
        95    0.7485000000E+00    0.8050163912E+00    0.3889817828E+03
        96    0.7527000000E+00    0.7980660915E+00    0.3881934412E+03
        97    0.9780000000E+00    0.9811395392E+00    0.4089586487E+03
        98    0.8385000000E+00    0.9978508896E+00    0.4108541429E+03
        99    0.2696610000E+00    0.8051935444E+00    0.3890018765E+03
       100    0.5501770000E+00    0.7999333092E+00    0.3884052314E+03
       101    0.9153400000E+00    0.7948363352E+00    0.3878271043E+03
       102    0.7800000000E+00    0.9608440503E+00    0.4066566216E+03
       103    0.8670000000E+00    0.9764522728E+00    0.4084269929E+03
       104    0.1225000000E+01    0.9826094928E+00    0.4091253790E+03
       105    0.7520000000E+00    0.9869633405E+00    0.4096192166E+03
       106    0.9290000000E+00    0.8045570679E+00    0.3889296838E+03
       107    0.1556800000E+01    0.8034809021E+00    0.3888076191E+03
       108    0.6681000000E+00    0.7574453206E+00    0.3835860077E+03
       109    0.6840000000E+00    0.7677315475E+00    0.3847527287E+03
       110    0.9441500000E+00    0.9765303213E+00    0.4084358456E+03
       111    0.9472000000E+00    0.9765303213E+00    0.4084358456E+03
       112    0.9441500000E+00    0.9396372615E+00    0.4042512298E+03
       113    0.9839900000E+00    0.9094318375E+00    0.4008251628E+03
       114    0.8488500000E+00    0.8854640201E+00    0.3981065998E+03
       115    0.1084900000E+01    0.8668015486E+00    0.3959897986E+03
       116    0.4197500000E+00    0.9512153313E+00    0.4055644788E+03
       117    0.1029700000E+01    0.8891266982E+00    0.3985220411E+03
       118    0.7860000000E+00    0.8544926302E+00    0.3945936527E+03
       119    0.7800000000E+00    0.8445805051E+00    0.3934693644E+03
       120    0.6830000000E+00    0.6802368092E+00    0.3748285894E+03
       121    0.7860000000E+00    0.8655542353E+00    0.3958483214E+03
       122    0.9760000000E+00    0.8392340371E+00    0.3928629383E+03
       123    0.7220000000E+00    0.8366706051E+00    0.3925721796E+03
       124    0.1077000000E+01    0.9565711111E+00    0.4061719611E+03
       125    0.8260000000E+00    0.8929918096E+00    0.3989604435E+03
       126    0.1030000000E+01    0.9518995431E+00    0.4056420859E+03
       127    0.9900000000E+00    0.9604467871E+00    0.4066115618E+03
       128    0.9232000000E+00    0.8927931665E+00    0.3989379123E+03
       129    0.7985000000E+00    0.8945023545E+00    0.3991317779E+03
       130    0.7307000000E+00    0.8783836051E+00    0.3973034998E+03
       131    0.9093000000E+00    0.8994274236E+00    0.3996904066E+03
       132    0.8910000000E+00    0.8967716852E+00    0.3993891780E+03
       133    0.9255000000E+00    0.9122243925E+00    0.4011419099E+03
       134    0.9617000000E+00    0.9242554484E+00    0.4025065391E+03
       135    0.9127000000E+00    0.9139269047E+00    0.4013350183E+03
       136    0.8770000000E+00    0.9305179886E+00    0.4032168712E+03
       137    0.9913000000E+00    0.9300899572E+00    0.4031683215E+03
       138    0.7302000000E+00    0.9398335868E+00    0.4042734981E+03
       139    0.1158000000E+01    0.9541397499E+00    0.4058961826E+03
       140    0.1124000000E+01    0.9807525647E+00    0.4089147559E+03
       141    0.8760000000E+00    0.1002724375E+01    0.4114069207E+03
       142    0.8470000000E+00    0.8903345927E+00    0.3986590472E+03
       143    0.1032000000E+01    0.9532658119E+00    0.4057970557E+03
       144    0.8090000000E+00    0.8765727240E+00    0.3970980996E+03
       145    0.8190000000E+00    0.8929918096E+00    0.3989604435E+03
       146    0.1211000000E+01    0.9620757287E+00    0.4067963254E+03
       147    0.1051000000E+01    0.9688519741E+00    0.4075649248E+03
       148    0.8653000000E+00    0.9688310299E+00    0.4075625492E+03
       149    0.7200000000E+00    0.9540732984E+00    0.4058886453E+03
       150    0.8203000000E+00    0.9057123018E+00    0.4004032724E+03
       151    0.9279000000E+00    0.9463536404E+00    0.4050130388E+03
       152    0.1096000000E+01    0.8299166571E+00    0.3918061093E+03
       153    0.1304900000E+01    0.1005860925E+01    0.4117626856E+03
       154    0.1177000000E+01    0.9955675021E+00    0.4105951484E+03
       155    0.1024000000E+01    0.9970409081E+00    0.4107622703E+03
       156    0.1025000000E+01    0.1002851062E+01    0.4114212902E+03
       157    0.8997000000E+00    0.9845263615E+00    0.4093428009E+03
       158    0.8885000000E+00    0.9846438773E+00    0.4093561302E+03
       159    0.9902400000E+00    0.9815611303E+00    0.4090064679E+03
       160    0.1036000000E+01    0.9198716753E+00    0.4020093072E+03
       161    0.7410000000E+00    0.9213535098E+00    0.4021773851E+03
       162    0.1000000000E+01    0.1005989227E+01    0.4117772383E+03
       163    0.9870000000E+00    0.9900803118E+00    0.4099727608E+03
       164    0.1340000000E+01    0.9905216727E+00    0.4100228224E+03
       165    0.9890000000E+00    0.9911083412E+00    0.4100893656E+03
       166    0.1226000000E+01    0.9907849617E+00    0.4100526861E+03
       167    0.1018000000E+01    0.1000356955E+01    0.4111383948E+03
       168    0.9740000000E+00    0.9930544114E+00    0.4103100997E+03
       169    0.8860000000E+00    0.1003568754E+01    0.4115026948E+03
       170    0.7750000000E+00    0.9840158787E+00    0.4092848991E+03
       171    0.1016000000E+01    0.9816239494E+00    0.4090135932E+03
       172    0.9740000000E+00    0.9873365686E+00    0.4096615502E+03
       173    0.7600000000E+00    0.9894216939E+00    0.4098980567E+03
       174    0.8680000000E+00    0.9817411920E+00    0.4090268915E+03
       175    0.1392000000E+01    0.9420165190E+00    0.4045210984E+03
       176    0.1030000000E+01    0.8710251708E+00    0.3964688653E+03
       177    0.6870000000E+00    0.7206491579E+00    0.3794123825E+03
       178    0.8730000000E+00    0.8017183690E+00    0.3886077028E+03
       179    0.9870000000E+00    0.8062245448E+00    0.3891188183E+03
       180    0.9070000000E+00    0.8062245448E+00    0.3891188183E+03
       181    0.5950000000E+00    0.7206491579E+00    0.3794123825E+03
       182    0.6416000000E+00    0.7150392175E+00    0.3787760719E+03
       183    0.6606000000E+00    0.7139618298E+00    0.3786538686E+03
       184    0.8229900000E+00    0.8090958158E+00    0.3894444938E+03
       185    0.8229950000E+00    0.9196539192E+00    0.4019846081E+03
       186    0.2426950000E+00    0.7225750316E+00    0.3796308258E+03
       187    0.4890000000E+00    0.7153003271E+00    0.3788056884E+03
       188    0.8040000000E+00    0.7132882003E+00    0.3785774618E+03
       189    0.6810000000E+00    0.7962395287E+00    0.3879862623E+03
       190    0.1387200000E+01    0.7213166626E+00    0.3794880946E+03
       191    0.5885600000E+00    0.6095276999E+00    0.3668083694E+03
       192    0.6840000000E+00    0.7140107527E+00    0.3786594177E+03
       193    0.6522000000E+00    0.6932163577E+00    0.3763008019E+03
       194    0.8822000000E+00    0.8834343302E+00    0.3978763811E+03
       195    0.6918000000E+00    0.7200886554E+00    0.3793488072E+03
       196    0.7253800000E+00    0.7709973583E+00    0.3851231551E+03
       197    0.7029000000E+00    0.6108495916E+00    0.3669583057E+03
       198    0.4040000000E+00    0.8745210294E+00    0.3968653850E+03
       199    0.8783000000E+00    0.7848960189E+00    0.3866996184E+03
       200    0.6780000000E+00    0.7424312289E+00    0.3818830260E+03
       201    0.6700000000E+00    0.7298543268E+00    0.3804564839E+03
       202    0.5740000000E+00    0.5725584333E+00    0.3626151098E+03
       203    0.8520000000E+00    0.7240748621E+00    0.3798009449E+03
       204    0.6300000000E+00    0.7222503473E+00    0.3795939983E+03
       205    0.9680000000E+00    0.8761704628E+00    0.3970524729E+03
       206    0.8100000000E+00    0.9728726112E+00    0.4080209678E+03
       207    0.9680000000E+00    0.8725942511E+00    0.3966468391E+03
       208    0.6440000000E+00    0.6916731340E+00    0.3761257609E+03
       209    0.8903000000E+00    0.8372731995E+00    0.3926405292E+03
       210    0.6854000000E+00    0.7280154555E+00    0.3802479089E+03
       211    0.5918000000E+00    0.6345084565E+00    0.3696418256E+03
       212    0.5867000000E+00    0.5890894998E+00    0.3644901552E+03
       213    0.8520000000E+00    0.8450551168E+00    0.3935231975E+03
       214    0.7973000000E+00    0.7544736905E+00    0.3832489489E+03
       215    0.7163000000E+00    0.6692737357E+00    0.3735850967E+03
       216    0.6255000000E+00    0.6107787195E+00    0.3669502670E+03
       217    0.8259700000E+00    0.8766778917E+00    0.3971100283E+03
       218    0.7924000000E+00    0.7675681293E+00    0.3847341929E+03
       219    0.5905000000E+00    0.6898456508E+00    0.3759184776E+03
       220    0.9080000000E+00    0.8873259488E+00    0.3983177901E+03
       221    0.1084000000E+01    0.9482169365E+00    0.4052243842E+03
       222    0.8440000000E+00    0.9776567068E+00    0.4085636065E+03
       223    0.8790000000E+00    0.9567966617E+00    0.4061975443E+03
       224    0.9280000000E+00    0.7620640337E+00    0.3841098878E+03
       225    0.6870000000E+00    0.6747076557E+00    0.3742014421E+03
       226    0.6950000000E+00    0.6901800190E+00    0.3759564035E+03
       227    0.9470000000E+00    0.7782817502E+00    0.3859493913E+03
       228    0.7284000000E+00    0.6599908991E+00    0.3725321858E+03
       229    0.7299000000E+00    0.8099942297E+00    0.3895463969E+03
       230    0.5584000000E+00    0.6852660779E+00    0.3753990370E+03
       231    0.5990000000E+00    0.6135407391E+00    0.3672635506E+03
       232    0.7309000000E+00    0.7207852233E+00    0.3794278158E+03
       233    0.9433000000E+00    0.7518792170E+00    0.3829546693E+03
       234    0.1168300000E+01    0.9188587316E+00    0.4018944135E+03
       235    0.1073400000E+01    0.9161807081E+00    0.4015906572E+03
       236    0.9878000000E+00    0.9721844356E+00    0.4079429111E+03
       237    0.9946000000E+00    0.9799040099E+00    0.4088185081E+03
       238    0.7716000000E+00    0.8296368489E+00    0.3917743719E+03
       239    0.8094000000E+00    0.8670886356E+00    0.3960223616E+03
       240    0.6720000000E+00    0.6876259544E+00    0.3756667073E+03
       241    0.7689000000E+00    0.6771380022E+00    0.3744771055E+03
       242    0.5968000000E+00    0.7337407958E+00    0.3808973088E+03
       243    0.8150000000E+00    0.8061234300E+00    0.3891073493E+03
       244    0.8080000000E+00    0.8165625193E+00    0.3902914088E+03
       245    0.8630000000E+00    0.6573799301E+00    0.3722360352E+03
       246    0.8190000000E+00    0.8090443221E+00    0.3894386531E+03
       247    0.9700000000E+00    0.8083796288E+00    0.3893632599E+03
       248    0.9590000000E+00    0.9318074960E+00    0.4033631343E+03
       249    0.8230000000E+00    0.8031762080E+00    0.3887730590E+03
       250    0.6610000000E+00    0.6648765538E+00    0.3730863439E+03
       251    0.4699000000E+00    0.6586045060E+00    0.3723749334E+03
       252    0.5760000000E+00    0.6026156870E+00    0.3660243705E+03
       253    0.8495000000E+00    0.8094660048E+00    0.3894864827E+03
       254    0.6225000000E+00    0.7290607182E+00    0.3803664684E+03
       255    0.6220720000E+00    0.6668332954E+00    0.3733082884E+03
       256    0.1222000000E+01    0.8397438737E+00    0.3929207668E+03
       257    0.8379000000E+00    0.6916432078E+00    0.3761223665E+03
       258    0.7150000000E+00    0.8023144401E+00    0.3886753125E+03
       259    0.6700000000E+00    0.6546505064E+00    0.3719264488E+03
       260    0.8810000000E+00    0.7206491579E+00    0.3794123825E+03
       261    0.7990000000E+00    0.7221423787E+00    0.3795817519E+03
       262    0.5343000000E+00    0.6547426541E+00    0.3719369007E+03
       263    0.5805000000E+00    0.6501133728E+00    0.3714118219E+03
       264    0.5990000000E+00    0.6502094147E+00    0.3714227155E+03
       265    0.7142900000E+00    0.7186869405E+00    0.3791898169E+03
       266    0.6987000000E+00    0.8034119714E+00    0.3887998006E+03
       267    0.2150000000E+00    0.6548197646E+00    0.3719456470E+03
       268    0.4380000000E+00    0.6523601037E+00    0.3716666586E+03
       269    0.7259000000E+00    0.6486501929E+00    0.3712458599E+03
       270    0.5200000000E+00    0.6428828577E+00    0.3705916967E+03
       271    0.1248000000E+01    0.6527241760E+00    0.3717079537E+03
       272    0.5249000000E+00    0.5276359316E+00    0.3575197501E+03
       273    0.5408000000E+00    0.5303755268E+00    0.3578304902E+03
       274    0.7584000000E+00    0.7860583751E+00    0.3868314593E+03
       275    0.7584000000E+00    0.7742740846E+00    0.3854948196E+03
       276    0.6149000000E+00    0.6538545015E+00    0.3718361615E+03
       277    0.6327000000E+00    0.6785653446E+00    0.3746390026E+03
       278    0.8098000000E+00    0.6759182198E+00    0.3743387510E+03
       279    0.3570000000E+00    0.7581886249E+00    0.3836703174E+03
       280    0.7722000000E+00    0.6993610594E+00    0.3769977681E+03
       281    0.5850000000E+00    0.6503189217E+00    0.3714351364E+03
       282    0.5770000000E+00    0.6426341659E+00    0.3705634887E+03
       283    0.4970000000E+00    0.4886802564E+00    0.3531011810E+03
       284    0.7430000000E+00    0.6409651620E+00    0.3703741810E+03
       285    0.5530000000E+00    0.6410423800E+00    0.3703829395E+03
       286    0.8270000000E+00    0.7640549722E+00    0.3843357111E+03
       287    0.7010000000E+00    0.6901800190E+00    0.3759564035E+03
       288    0.7800000000E+00    0.6680947712E+00    0.3734513720E+03
       289    0.9270000000E+00    0.8926167962E+00    0.3989179074E+03
       290    0.8117000000E+00    0.7299399997E+00    0.3804662014E+03
       291    0.7644000000E+00    0.8372798831E+00    0.3926412873E+03
       292    0.6465000000E+00    0.7168985745E+00    0.3789869705E+03
       293    0.7610000000E+00    0.7356344078E+00    0.3811120928E+03
       294    0.6736000000E+00    0.6573979596E+00    0.3722380802E+03
       295    0.7130000000E+00    0.6731037500E+00    0.3740195182E+03
       296    0.9109000000E+00    0.8629219308E+00    0.3955497508E+03
       297    0.7652000000E+00    0.7587114083E+00    0.3837296144E+03
       298    0.7170000000E+00    0.7672347865E+00    0.3846963833E+03
       299    0.6188000000E+00    0.6202165362E+00    0.3680207566E+03
       300    0.6454000000E+00    0.7746860156E+00    0.3855415431E+03
       301    0.7635500000E+00    0.6928482625E+00    0.3762590505E+03
       302    0.1027300000E+01    0.8953310549E+00    0.3992257737E+03
       303    0.7920000000E+00    0.9171308732E+00    0.4016984302E+03
       304    0.6750000000E+00    0.7780181941E+00    0.3859194973E+03
       305    0.6410000000E+00    0.6160107336E+00    0.3675437111E+03
       306    0.4580000000E+00    0.4822702248E+00    0.3523741196E+03
       307    0.5720000000E+00    0.5740217217E+00    0.3627810841E+03
       308    0.7450000000E+00    0.6275261720E+00    0.3688498561E+03
       309    0.8770000000E+00    0.8086602772E+00    0.3893950926E+03
       310    0.8222000000E+00    0.9186005490E+00    0.4018651290E+03
       311    0.6623000000E+00    0.8752305335E+00    0.3969458609E+03
       312    0.7996000000E+00    0.8696849790E+00    0.3963168533E+03
       313    0.8130000000E+00    0.8040481464E+00    0.3888719591E+03
       314    0.7367000000E+00    0.6148345718E+00    0.3674103043E+03
       315    0.9479000000E+00    0.8199739066E+00    0.3906783473E+03
       316    0.9213000000E+00    0.8942274094E+00    0.3991005921E+03
       317    0.7138000000E+00    0.6876633860E+00    0.3756709530E+03
       318    0.6326000000E+00    0.6834879222E+00    0.3751973487E+03
       319    0.7779000000E+00    0.8276799972E+00    0.3915524149E+03
       320    0.6384000000E+00    0.6600473140E+00    0.3725385847E+03
       321    0.8479000000E+00    0.7429999164E+00    0.3819475297E+03
       322    0.5051000000E+00    0.6417296175E+00    0.3704608898E+03
       323    0.6860000000E+00    0.6546110136E+00    0.3719219693E+03
       324    0.9270000000E+00    0.9171615664E+00    0.4017019116E+03
       325    0.9400000000E+00    0.7136016605E+00    0.3786130162E+03
       326    0.6800000000E+00    0.6566810497E+00    0.3721567643E+03
       327    0.7303000000E+00    0.6587425331E+00    0.3723905892E+03
       328    0.7270000000E+00    0.6558896602E+00    0.3720670005E+03
       329    0.8960000000E+00    0.9186850476E+00    0.4018747133E+03
       330    0.8270000000E+00    0.9322257448E+00    0.4034105744E+03
       331    0.5248000000E+00    0.7225768663E+00    0.3796310339E+03
       332    0.9400000000E+00    0.9259097731E+00    0.4026941818E+03
       333    0.9290000000E+00    0.9315504746E+00    0.4033339815E+03
       334    0.6743000000E+00    0.8109595624E+00    0.3896558903E+03
       335    0.5786000000E+00    0.6151313735E+00    0.3674439692E+03
       336    0.8570000000E+00    0.6128399270E+00    0.3671840606E+03
       337    0.6870000000E+00    0.5564749088E+00    0.3607908271E+03
       338    0.5020000000E+00    0.5592554197E+00    0.3611062081E+03
       339    0.5140000000E+00    0.5576612816E+00    0.3609253921E+03
       340    0.7140000000E+00    0.5996349936E+00    0.3656862837E+03
       341    0.6300000000E+00    0.6014960936E+00    0.3658973800E+03
       342    0.4885600000E+00    0.6005636309E+00    0.3657916149E+03
       343    0.5347000000E+00    0.5975750848E+00    0.3654526374E+03
       344    0.5380000000E+00    0.5957529858E+00    0.3652459648E+03
       345    0.5124000000E+00    0.5507414240E+00    0.3601405034E+03
       346    0.4969000000E+00    0.5950009683E+00    0.3651606668E+03
       347    0.1887620000E+00    0.6013258789E+00    0.3658780733E+03
       348    0.3871620000E+00    0.5963347770E+00    0.3653119548E+03
       349    0.6470510000E+00    0.5924641572E+00    0.3648729276E+03
       350    0.4780000000E+00    0.5499892231E+00    0.3600551846E+03
       351    0.4710000000E+00    0.5885482690E+00    0.3644287658E+03
       352    0.6530000000E+00    0.5929554160E+00    0.3649286489E+03
       353    0.4220000000E+00    0.5951846253E+00    0.3651814982E+03
       354    0.6920000000E+00    0.6007032555E+00    0.3658074519E+03
       355    0.1140650000E+01    0.5996910692E+00    0.3656926441E+03
       356    0.4135000000E+00    0.4241781452E+00    0.3457849932E+03
       357    0.4450000000E+00    0.4202837627E+00    0.3453432707E+03
       358    0.5417270000E+00    0.5749657699E+00    0.3628881633E+03
       359    0.5435000000E+00    0.5749657699E+00    0.3628881633E+03
       360    0.5417000000E+00    0.5739758140E+00    0.3627758770E+03
       361    0.5688000000E+00    0.5979036951E+00    0.3654899102E+03
       362    0.5093000000E+00    0.5599157295E+00    0.3611811041E+03
       363    0.6112200000E+00    0.5575585252E+00    0.3609137369E+03
       364    0.2642000000E+00    0.5573636961E+00    0.3608916383E+03
       365    0.5451500000E+00    0.5789686518E+00    0.3633421924E+03
       366    0.5240000000E+00    0.5361742244E+00    0.3584882107E+03
       367    0.4680000000E+00    0.5252752820E+00    0.3572519921E+03
       368    0.4500000000E+00    0.3819051232E+00    0.3409901522E+03
       369    0.5240000000E+00    0.5462236881E+00    0.3596280767E+03
       370    0.5730000000E+00    0.5243678048E+00    0.3571490610E+03
       371    0.3990000000E+00    0.5244422651E+00    0.3571575067E+03
       372    0.4990000000E+00    0.5190745471E+00    0.3565486703E+03
       373    0.5760000000E+00    0.5741601975E+00    0.3627967908E+03
       374    0.5460000000E+00    0.5167443588E+00    0.3562843674E+03
       375    0.4870000000E+00    0.5741866933E+00    0.3627997961E+03
       376    0.5638000000E+00    0.4908584375E+00    0.3533482424E+03
       377    0.5006000000E+00    0.5318560697E+00    0.3579984216E+03
       378    0.4627000000E+00    0.4791455595E+00    0.3520197027E+03
       379    0.5182000000E+00    0.5387915993E+00    0.3587850879E+03
       380    0.5347000000E+00    0.5421820090E+00    0.3591696470E+03
       381    0.5715000000E+00    0.5570796861E+00    0.3608594243E+03
       382    0.5739000000E+00    0.5543626723E+00    0.3605512455E+03
       383    0.5820000000E+00    0.5594328921E+00    0.3611263380E+03
       384    0.5360000000E+00    0.5684889720E+00    0.3621535289E+03
       385    0.5697000000E+00    0.5687555151E+00    0.3621837617E+03
       386    0.4994000000E+00    0.5741548019E+00    0.3627961788E+03
       387    0.6420000000E+00    0.5725993799E+00    0.3626197542E+03
       388    0.7104000000E+00    0.5907606179E+00    0.3646797027E+03
       389    0.5090000000E+00    0.6098414052E+00    0.3668439516E+03
       390    0.5810000000E+00    0.5732651241E+00    0.3626952666E+03
       391    0.5470000000E+00    0.5190339680E+00    0.3565440676E+03
       392    0.5650000000E+00    0.5592294141E+00    0.3611032584E+03
       393    0.5720000000E+00    0.5741601975E+00    0.3627967908E+03
       394    0.6210000000E+00    0.5267745940E+00    0.3574220524E+03
       395    0.6878000000E+00    0.6079437931E+00    0.3666287139E+03
       396    0.5673000000E+00    0.6102505370E+00    0.3668903576E+03
       397    0.4745000000E+00    0.6163650700E+00    0.3675839019E+03
       398    0.5411000000E+00    0.5575432421E+00    0.3609120034E+03
       399    0.5802000000E+00    0.5950936388E+00    0.3651711780E+03
       400    0.6300000000E+00    0.5207145249E+00    0.3567346857E+03
       401    0.7130000000E+00    0.5994906708E+00    0.3656699138E+03
       402    0.6218000000E+00    0.5770647458E+00    0.3631262408E+03
       403    0.6016000000E+00    0.6081745692E+00    0.3666548898E+03
       404    0.5827000000E+00    0.5785542999E+00    0.3632951943E+03
       405    0.5792000000E+00    0.6271332385E+00    0.3688052874E+03
       406    0.5924000000E+00    0.6237902458E+00    0.3684261066E+03
       407    0.5856500000E+00    0.6142711970E+00    0.3673464032E+03
       408    0.7022000000E+00    0.6215814173E+00    0.3681755690E+03
       409    0.5051000000E+00    0.6416963737E+00    0.3704571191E+03
       410    0.6000000000E+00    0.6004214707E+00    0.3657754903E+03
       411    0.6730000000E+00    0.6597717800E+00    0.3725073321E+03
       412    0.6930000000E+00    0.5579995378E+00    0.3609637590E+03
       413    0.6180000000E+00    0.5986669499E+00    0.3655764828E+03
       414    0.5750000000E+00    0.5525200655E+00    0.3603422468E+03
       415    0.6250000000E+00    0.5626417501E+00    0.3614903045E+03
       416    0.6030000000E+00    0.5538340427E+00    0.3604912854E+03
       417    0.5900000000E+00    0.5669890878E+00    0.3619834037E+03
       418    0.3800000000E+00    0.5585955905E+00    0.3610313666E+03
       419    0.5460000000E+00    0.5571708701E+00    0.3608697669E+03
       420    0.6290000000E+00    0.6078338400E+00    0.3666162424E+03
       421    0.5070000000E+00    0.5635524126E+00    0.3615935969E+03
       422    0.5540000000E+00    0.5612001411E+00    0.3613267892E+03
       423    0.7590000000E+00    0.5692073851E+00    0.3622350153E+03
       424    0.7800000000E+00    0.6206813997E+00    0.3680734840E+03
       425    0.4730000000E+00    0.4686979545E+00    0.3508346773E+03
       426    0.4360000000E+00    0.4915744102E+00    0.3534294520E+03
       427    0.4860000000E+00    0.4275789008E+00    0.3461707258E+03
       428    0.2770000000E+00    0.4275789008E+00    0.3461707258E+03
       429    0.4580000000E+00    0.5583736299E+00    0.3610061906E+03
       430    0.5040000000E+00    0.5549709479E+00    0.3606202395E+03
       431    0.5069000000E+00    0.5539452028E+00    0.3605038938E+03
       432    0.5745000000E+00    0.5967204670E+00    0.3653557019E+03
       433    0.4813700000E+00    0.5530134728E+00    0.3603982118E+03
       434    0.1480000000E+00    0.4675724444E+00    0.3507070157E+03
       435    0.3560000000E+00    0.5544818094E+00    0.3605647587E+03
       436    0.5830000000E+00    0.5505097460E+00    0.3601142252E+03
       437    0.4210000000E+00    0.5491099997E+00    0.3599554582E+03
       438    0.1048000000E+01    0.5582562410E+00    0.3609928757E+03
       439    0.4135800000E+00    0.3797690173E+00    0.3407478632E+03
       440    0.4135000000E+00    0.3797690173E+00    0.3407478632E+03
       441    0.5279900000E+00    0.5314168080E+00    0.3579485981E+03
       442    0.4640000000E+00    0.4982741561E+00    0.3541893744E+03
       443    0.4766000000E+00    0.4259095945E+00    0.3459813838E+03
       444    0.4167000000E+00    0.3890334321E+00    0.3417986846E+03
       445    0.4584000000E+00    0.3866183512E+00    0.3415247527E+03
       446    0.3109000000E+00    0.6744515565E+00    0.3741723939E+03
       447    0.4997000000E+00    0.4070051916E+00    0.3438371414E+03
       448    0.4780000000E+00    0.4948418326E+00    0.3538000612E+03
       449    0.5150000000E+00    0.5769141501E+00    0.3631091594E+03
       450    0.4660000000E+00    0.4270855244E+00    0.3461147643E+03
       451    0.5270000000E+00    0.4833015118E+00    0.3524910939E+03
       452    0.4610000000E+00    0.5758583686E+00    0.3629894068E+03
       453    0.4530000000E+00    0.4543263757E+00    0.3492045730E+03
       454    0.4670000000E+00    0.4968400781E+00    0.3540267133E+03
       455    0.8120000000E+00    0.7592962139E+00    0.3837959463E+03
       456    0.4560000000E+00    0.4968659338E+00    0.3540296460E+03
       457    0.4582000000E+00    0.4022144908E+00    0.3432937535E+03
       458    0.3986000000E+00    0.4267018189E+00    0.3460712423E+03
       459    0.4311000000E+00    0.4446898605E+00    0.3481115459E+03
       460    0.4614000000E+00    0.4969242134E+00    0.3540362564E+03
       461    0.4798000000E+00    0.4992257168E+00    0.3542973057E+03
       462    0.5131000000E+00    0.5144284601E+00    0.3560216853E+03
       463    0.4494000000E+00    0.4238950520E+00    0.3457528832E+03
       464    0.4880000000E+00    0.4253890178E+00    0.3459223371E+03
       465    0.4712000000E+00    0.4621014049E+00    0.3500864600E+03
       466    0.5141000000E+00    0.4916969946E+00    0.3534433562E+03
       467    0.4623000000E+00    0.5319559475E+00    0.3580097503E+03
       468    0.4850000000E+00    0.4400676931E+00    0.3475872740E+03
       469    0.6250000000E+00    0.4744605447E+00    0.3514883023E+03
       470    0.4610000000E+00    0.5214698785E+00    0.3568203621E+03
       471    0.5020000000E+00    0.6266274671E+00    0.3687479200E+03
       472    0.4850000000E+00    0.4542866325E+00    0.3492000651E+03
       473    0.4120000000E+00    0.4543263757E+00    0.3492045730E+03
       474    0.4640000000E+00    0.4968400781E+00    0.3540267133E+03
       475    0.5280000000E+00    0.4613291980E+00    0.3499988720E+03
       476    0.6041100000E+00    0.4727513267E+00    0.3512944333E+03
       477    0.5103000000E+00    0.5002480525E+00    0.3544132647E+03
       478    0.4107000000E+00    0.4923134606E+00    0.3535132792E+03
       479    0.4454000000E+00    0.4704994894E+00    0.3510390174E+03
       480    0.5158000000E+00    0.5472953170E+00    0.3597496268E+03
       481    0.4365000000E+00    0.4007241176E+00    0.3431247071E+03
       482    0.6326000000E+00    0.5364419754E+00    0.3585185805E+03
       483    0.6420000000E+00    0.5934865159E+00    0.3649888892E+03
       484    0.7230000000E+00    0.7155070751E+00    0.3788291389E+03
       485    0.6640000000E+00    0.6589731029E+00    0.3724167417E+03
       486    0.6962000000E+00    0.7484152912E+00    0.3825617716E+03
       487    0.7440000000E+00    0.7850283418E+00    0.3867146272E+03
       488    0.4630000000E+00    0.4879305418E+00    0.3530161442E+03
       489    0.6494000000E+00    0.5769163683E+00    0.3631094110E+03
       490    0.3513000000E+00    0.5056375919E+00    0.3550245762E+03
       491    0.7150000000E+00    0.7207541333E+00    0.3794242894E+03
       492    0.5980000000E+00    0.5936794716E+00    0.3650107753E+03
       493    0.6320000000E+00    0.5211058838E+00    0.3567790758E+03
       494    0.7420000000E+00    0.7170154979E+00    0.3790002326E+03
       495    0.6520000000E+00    0.6042881699E+00    0.3662140728E+03
       496    0.6690000000E+00    0.6073458794E+00    0.3665608952E+03
       497    0.5140000000E+00    0.4959001435E+00    0.3539201007E+03
       498    0.5281000000E+00    0.5060528485E+00    0.3550716769E+03
       499    0.3902000000E+00    0.5297573777E+00    0.3577603763E+03
       500    0.4550000000E+00    0.4692354938E+00    0.3508956480E+03
       501    0.5386900000E+00    0.4784606062E+00    0.3519420115E+03
       502    0.4611000000E+00    0.5046873705E+00    0.3549167968E+03
       503    0.5202200000E+00    0.5366020918E+00    0.3585367418E+03
       504    0.6556000000E+00    0.4823916040E+00    0.3523878871E+03
       505    0.4496080000E+00    0.4231757132E+00    0.3456712918E+03
       506    0.4720000000E+00    0.5221046067E+00    0.3568923565E+03
       507    0.7590000000E+00    0.6547426541E+00    0.3719369007E+03
       508    0.2920000000E+00    0.4465254556E+00    0.3483197493E+03
       509    0.4427000000E+00    0.5227414967E+00    0.3569645961E+03
       510    0.4430000000E+00    0.4662139860E+00    0.3505529318E+03
       511    0.4762000000E+00    0.4907027098E+00    0.3533305789E+03
       512    0.4658400000E+00    0.4423838537E+00    0.3478499858E+03
       513    0.6056000000E+00    0.7144358526E+00    0.3787076349E+03
       514    0.1617000000E+00    0.4264524483E+00    0.3460429573E+03
       515    0.1935000000E+00    0.4245442064E+00    0.3458265139E+03
       516    0.3310000000E+00    0.4203588101E+00    0.3453517830E+03
       517    0.3720000000E+00    0.4854376433E+00    0.3527333858E+03
       518    0.1048000000E+01    0.3946344582E+00    0.3424339841E+03
       519    0.3180000000E+00    0.3475921107E+00    0.3370981797E+03
       520    0.3810000000E+00    0.3475921107E+00    0.3370981797E+03
       521    0.8822000000E+00    0.8982893662E+00    0.3995613218E+03
       522    0.5880000000E+00    0.6255018548E+00    0.3686202468E+03
       523    0.8148000000E+00    0.8041840170E+00    0.3888873703E+03
       524    0.5556000000E+00    0.6111498793E+00    0.3669923660E+03
       525    0.4584000000E+00    0.3704648759E+00    0.3396925358E+03
       526    0.2950000000E+00    0.6085567846E+00    0.3666982428E+03
       527    0.4694000000E+00    0.3756541148E+00    0.3402811281E+03
       528    0.4310000000E+00    0.4606612206E+00    0.3499231063E+03
       529    0.4050000000E+00    0.4205089641E+00    0.3453688143E+03
       530    0.4190000000E+00    0.3423035168E+00    0.3364983180E+03
       531    0.4650000000E+00    0.3959700417E+00    0.3425854734E+03
       532    0.3380000000E+00    0.4832632991E+00    0.3524867596E+03
       533    0.4210000000E+00    0.4289216688E+00    0.3463230300E+03
       534    0.4210000000E+00    0.4687651757E+00    0.3508423019E+03
       535    0.4530000000E+00    0.4267546289E+00    0.3460772323E+03
       536    0.4560000000E+00    0.3862996752E+00    0.3414886067E+03
       537    0.7382000000E+00    0.6472142775E+00    0.3710829904E+03
       538    0.6145000000E+00    0.5812413081E+00    0.3635999697E+03
       539    0.7056000000E+00    0.8246447173E+00    0.3912081366E+03
       540    0.6674000000E+00    0.6526712832E+00    0.3717019543E+03
       541    0.3817000000E+00    0.4097375838E+00    0.3441470645E+03
       542    0.6365000000E+00    0.6077960769E+00    0.3666119591E+03
       543    0.6385000000E+00    0.6053853926E+00    0.3663385259E+03
       544    0.8663000000E+00    0.8628161257E+00    0.3955377498E+03
       545    0.5762000000E+00    0.6195983986E+00    0.3679506440E+03
       546    0.4709000000E+00    0.4370797060E+00    0.3472483599E+03
       547    0.5421000000E+00    0.6263502218E+00    0.3687164733E+03
       548    0.6770000000E+00    0.6288555444E+00    0.3690006409E+03
       549    0.9101000000E+00    0.7858929759E+00    0.3868126988E+03
       550    0.6150000000E+00    0.7284232463E+00    0.3802941628E+03
       551    0.4390000000E+00    0.5329653567E+00    0.3581242431E+03
       552    0.3600000000E+00    0.4284218449E+00    0.3462663372E+03
       553    0.3820000000E+00    0.4284612549E+00    0.3462708073E+03
       554    0.4170000000E+00    0.4687651757E+00    0.3508423019E+03
       555    0.4810000000E+00    0.4144599023E+00    0.3446826961E+03
       556    0.9940000000E+00    0.9175943446E+00    0.4017509997E+03
       557    0.6571000000E+00    0.7275987187E+00    0.3802006403E+03
       558    0.4745000000E+00    0.5702725084E+00    0.3623558275E+03
       559    0.7272000000E+00    0.7629245303E+00    0.3842074901E+03
       560    0.7300000000E+00    0.7209677078E+00    0.3794485142E+03
       561    0.8263000000E+00    0.6659374426E+00    0.3732066758E+03
       562    0.6878000000E+00    0.5749318481E+00    0.3628843157E+03
       563    0.7468000000E+00    0.6756114697E+00    0.3743039577E+03
       564    0.6999000000E+00    0.6866237605E+00    0.3755530329E+03
       565    0.4937000000E+00    0.4807743476E+00    0.3522044489E+03
       566    0.4652000000E+00    0.4827255948E+00    0.3524257702E+03
       567    0.5476000000E+00    0.5790415560E+00    0.3633504616E+03
       568    0.5017000000E+00    0.5352038840E+00    0.3583781493E+03
       569    0.6067000000E+00    0.5382530866E+00    0.3587240068E+03
       570    0.4665000000E+00    0.6066815000E+00    0.3664855376E+03
       571    0.5290000000E+00    0.5233198523E+00    0.3570301964E+03
       572    0.5680000000E+00    0.5572594701E+00    0.3608798164E+03
       573    0.7390000000E+00    0.5962404191E+00    0.3653012522E+03
       574    0.5720000000E+00    0.5592086507E+00    0.3611009033E+03
       575    0.5630000000E+00    0.5259553756E+00    0.3573291321E+03
       576    0.8870000000E+00    0.8057891447E+00    0.3890694328E+03
       577    0.6800000000E+00    0.7161126617E+00    0.3788978279E+03
       578    0.6790000000E+00    0.7305088909E+00    0.3805307282E+03
       579    0.4327000000E+00    0.6077863665E+00    0.3666108577E+03
       580    0.7130000000E+00    0.7189086771E+00    0.3792149675E+03
       581    0.7190000000E+00    0.6588701613E+00    0.3724050655E+03
       582    0.5766000000E+00    0.6654582437E+00    0.3731523224E+03
       583    0.5021000000E+00    0.5065155475E+00    0.3551241588E+03
       584    0.4270000000E+00    0.4599231277E+00    0.3498393877E+03
       585    0.5620000000E+00    0.4658723390E+00    0.3505141803E+03
       586    0.4730000000E+00    0.3964194863E+00    0.3426364519E+03
       587    0.3900000000E+00    0.4654709780E+00    0.3504686557E+03
       588    0.4400000000E+00    0.4109444564E+00    0.3442839547E+03
       589    0.5874800000E+00    0.4272245098E+00    0.3461305288E+03
       590    0.4736000000E+00    0.4261498278E+00    0.3460086324E+03
       591    0.4608900000E+00    0.4248123902E+00    0.3458569328E+03
       592    0.5279000000E+00    0.5180824594E+00    0.3564361422E+03
       593    0.4503000000E+00    0.5188164827E+00    0.3565193992E+03
       594    0.1617000000E+00    0.3949722675E+00    0.3424723003E+03
       595    0.1833000000E+00    0.4082639626E+00    0.3439799182E+03
       596    0.3470000000E+00    0.4392202342E+00    0.3474911505E+03
       597    0.3470000000E+00    0.4587665753E+00    0.3497082051E+03
       598    0.9240000000E+00    0.4266742687E+00    0.3460681174E+03
       599    0.3340000000E+00    0.3464188636E+00    0.3369651035E+03
       600    0.3650000000E+00    0.3199762019E+00    0.3339658299E+03
       601    0.4660000000E+00    0.4974522540E+00    0.3540961497E+03
       602    0.6500000000E+00    0.6884583082E+00    0.3757611175E+03
       603    0.5073700000E+00    0.3943630044E+00    0.3424031943E+03
       604    0.4167000000E+00    0.3728670004E+00    0.3399649981E+03
       605    0.4431000000E+00    0.3558251433E+00    0.3380320160E+03
       606    0.2331000000E+00    0.4267411073E+00    0.3460756986E+03
       607    0.4845700000E+00    0.3903912531E+00    0.3419526962E+03
       608    0.4050000000E+00    0.4485148882E+00    0.3485454018E+03
       609    0.3880000000E+00    0.3089795531E+00    0.3327185289E+03
       610    0.4650000000E+00    0.4199013409E+00    0.3452998943E+03
       611    0.3070000000E+00    0.4492095650E+00    0.3486241959E+03
       612    0.3890000000E+00    0.4427787506E+00    0.3478947772E+03
       613    0.4990000000E+00    0.4529924700E+00    0.3490532740E+03
       614    0.4870000000E+00    0.4028381333E+00    0.3433644905E+03
       615    0.4858000000E+00    0.4272966531E+00    0.3461387117E+03
       616    0.4570000000E+00    0.4896045093E+00    0.3532060149E+03
       617    0.4172000000E+00    0.4627333798E+00    0.3501581421E+03
       618    0.4036000000E+00    0.4352618449E+00    0.3470421680E+03
       619    0.3958000000E+00    0.4243010443E+00    0.3457989331E+03
       620    0.5223000000E+00    0.5124665354E+00    0.3557991529E+03
       621    0.6851000000E+00    0.6755511350E+00    0.3742971142E+03
       622    0.4888000000E+00    0.4914305088E+00    0.3534131299E+03
       623    0.4944000000E+00    0.4622990147E+00    0.3501088740E+03
       624    0.4316000000E+00    0.4973539014E+00    0.3540849940E+03
       625    0.5250000000E+00    0.5004270351E+00    0.3544335659E+03
       626    0.8240000000E+00    0.7072778705E+00    0.3778957368E+03
       627    0.5550000000E+00    0.6620199559E+00    0.3727623327E+03
       628    0.4550000000E+00    0.4688719197E+00    0.3508544094E+03
       629    0.3860000000E+00    0.4427787506E+00    0.3478947772E+03
       630    0.4970000000E+00    0.4350202777E+00    0.3470147681E+03
       631    0.6040000000E+00    0.4728335586E+00    0.3513037605E+03
       632    0.4968000000E+00    0.4746842492E+00    0.3515136761E+03
       633    0.4107000000E+00    0.4929086845E+00    0.3535807928E+03
       634    0.6617000000E+00    0.6816308442E+00    0.3749867086E+03
       635    0.6527000000E+00    0.6532192549E+00    0.3717641083E+03
       636    0.7254000000E+00    0.5986528940E+00    0.3655748885E+03
       637    0.5460000000E+00    0.4674550106E+00    0.3506936957E+03
       638    0.5200000000E+00    0.4921354302E+00    0.3534930860E+03
       639    0.4670000000E+00    0.4679446789E+00    0.3507492366E+03
       640    0.5130000000E+00    0.4962374669E+00    0.3539583618E+03
       641    0.5055000000E+00    0.5427499859E+00    0.3592340701E+03
       642    0.4814000000E+00    0.4920836341E+00    0.3534872110E+03
       643    0.4850000000E+00    0.5163170600E+00    0.3562359008E+03
       644    0.5745000000E+00    0.5058147593E+00    0.3550446715E+03
       645    0.4267000000E+00    0.5719257469E+00    0.3625433470E+03
       646    0.5290000000E+00    0.4938086219E+00    0.3536828687E+03
       647    0.5080000000E+00    0.4671862246E+00    0.3506632085E+03
       648    0.1232000000E+01    0.9167224026E+00    0.4016520992E+03
       649    0.5353000000E+00    0.4974408483E+00    0.3540948560E+03
       650    0.5410000000E+00    0.5984706052E+00    0.3655542123E+03
       651    0.5900000000E+00    0.6110046148E+00    0.3669758893E+03
       652    0.3567000000E+00    0.4747412187E+00    0.3515201379E+03
       653    0.5760000000E+00    0.6027560107E+00    0.3660402868E+03
       654    0.5390000000E+00    0.4525229444E+00    0.3490000178E+03
       655    0.4613000000E+00    0.5049295743E+00    0.3549442689E+03
       656    0.4887000000E+00    0.4806840858E+00    0.3521942109E+03
       657    0.6436000000E+00    0.4354867105E+00    0.3470676735E+03
       658    0.4119000000E+00    0.3685184874E+00    0.3394717656E+03
       659    0.4430000000E+00    0.4275789008E+00    0.3461707258E+03
       660    0.4860000000E+00    0.4682315419E+00    0.3507817742E+03
       661    0.4150000000E+00    0.4682315419E+00    0.3507817742E+03
       662    0.3969000000E+00    0.4682315419E+00    0.3507817742E+03
       663    0.5041000000E+00    0.4095152626E+00    0.3441218476E+03
       664    0.4979000000E+00    0.4085364453E+00    0.3440108247E+03
       665    0.9780000000E+00    0.9219840643E+00    0.4022489061E+03
       666    0.5435000000E+00    0.6500629856E+00    0.3714061067E+03
       667    0.1480000000E+00    0.4927655174E+00    0.3535645540E+03
       668    0.2030000000E+00    0.4437870983E+00    0.3480091496E+03
       669    0.3780000000E+00    0.4608254023E+00    0.3499417287E+03
       670    0.5820000000E+00    0.7050342579E+00    0.3776412538E+03
       671    0.8780000000E+00    0.4677972545E+00    0.3507325149E+03
       672    0.3022000000E+00    0.3199762019E+00    0.3339658299E+03
       673    0.3340000000E+00    0.2772984025E+00    0.3291250768E+03
       674    0.5880000000E+00    0.6266516213E+00    0.3687506597E+03
       675    0.5260000000E+00    0.5323265254E+00    0.3580517833E+03
       676    0.4278000000E+00    0.4267411073E+00    0.3460756986E+03
       677    0.2487000000E+00    0.4520655854E+00    0.3489481416E+03
       678    0.4390000000E+00    0.4470419212E+00    0.3483783297E+03
       679    0.3900000000E+00    0.3747033731E+00    0.3401732897E+03
       680    0.2920000000E+00    0.4205015866E+00    0.3453679775E+03
       681    0.5150000000E+00    0.4795870323E+00    0.3520697770E+03
       682    0.4710000000E+00    0.4677128361E+00    0.3507229397E+03
       683    0.5211000000E+00    0.4564858212E+00    0.3494495093E+03
       684    0.4056000000E+00    0.4159131515E+00    0.3448475317E+03
       685    0.3852000000E+00    0.4339691697E+00    0.3468955456E+03
       686    0.7591000000E+00    0.7392475795E+00    0.3815219188E+03
       687    0.4494000000E+00    0.4240397487E+00    0.3457692955E+03
       688    0.5078000000E+00    0.4511332532E+00    0.3488423913E+03
       689    0.4504000000E+00    0.4370266447E+00    0.3472423414E+03
       690    0.4368000000E+00    0.4152659093E+00    0.3447741179E+03
       691    0.3879000000E+00    0.4432740613E+00    0.3479509581E+03
       692    0.4970000000E+00    0.4704029353E+00    0.3510280657E+03
       693    0.7563000000E+00    0.6414448052E+00    0.3704285848E+03
       694    0.4480000000E+00    0.5306567227E+00    0.3578623850E+03
       695    0.4390000000E+00    0.4428734585E+00    0.3479055195E+03
       696    0.3870000000E+00    0.4627693672E+00    0.3501622240E+03
       697    0.3855000000E+00    0.4103167063E+00    0.3442127518E+03
       698    0.4621100000E+00    0.5084224547E+00    0.3553404508E+03
       699    0.4365000000E+00    0.4010829116E+00    0.3431654035E+03
       700    0.5600000000E+00    0.4780855215E+00    0.3518994673E+03
       701    0.6218000000E+00    0.5764195940E+00    0.3630530641E+03
       702    0.6563000000E+00    0.6509349558E+00    0.3715050104E+03
       703    0.4915000000E+00    0.4577591665E+00    0.3495939392E+03
       704    0.4526000000E+00    0.4591403870E+00    0.3497506049E+03
       705    0.4777800000E+00    0.4805650623E+00    0.3521807106E+03
       706    0.4749000000E+00    0.5038359318E+00    0.3548202219E+03
       707    0.5508000000E+00    0.4783611507E+00    0.3519307307E+03
       708    0.3242000000E+00    0.4783020767E+00    0.3519240302E+03
       709    0.4860000000E+00    0.4681344871E+00    0.3507707657E+03
       710    0.5230000000E+00    0.4930880532E+00    0.3536011378E+03
       711    0.6160000000E+00    0.4931504131E+00    0.3536082110E+03
       712    0.4950000000E+00    0.4680474467E+00    0.3507608931E+03
       713    0.5048000000E+00    0.4700237245E+00    0.3509850535E+03
       714    0.6110000000E+00    0.5292235448E+00    0.3576998260E+03
       715    0.5250000000E+00    0.5197347828E+00    0.3566235579E+03
       716    0.5460000000E+00    0.5333019687E+00    0.3581624235E+03
       717    0.3750000000E+00    0.5004440269E+00    0.3544354932E+03
       718    0.6520000000E+00    0.6512814747E+00    0.3715443145E+03
       719    0.6140000000E+00    0.5639657559E+00    0.3616404806E+03
       720    0.4567000000E+00    0.4568974815E+00    0.3494962021E+03
       721    0.4783000000E+00    0.4585726155E+00    0.3496862051E+03
       722    0.6558000000E+00    0.4224481770E+00    0.3455887706E+03
       723    0.4140000000E+00    0.3803102498E+00    0.3408092528E+03
       724    0.4790000000E+00    0.4320889867E+00    0.3466822848E+03
       725    0.3050000000E+00    0.4312764406E+00    0.3465901213E+03
       726    0.4270000000E+00    0.4272776107E+00    0.3461365518E+03
       727    0.5350000000E+00    0.3947970750E+00    0.3424524290E+03
       728    0.5070000000E+00    0.3935447506E+00    0.3423103834E+03
       729    0.4350000000E+00    0.4904436289E+00    0.3533011925E+03
       730    0.1617000000E+00    0.4097712181E+00    0.3441508795E+03
       731    0.5413000000E+00    0.4021640277E+00    0.3432880297E+03
       732    0.3650000000E+00    0.3250368974E+00    0.3345398421E+03
       733    0.4766000000E+00    0.4276991850E+00    0.3461843691E+03
       734    0.4432000000E+00    0.3577743478E+00    0.3382531056E+03
       735    0.4694000000E+00    0.3776162881E+00    0.3405036887E+03
       736    0.4970000000E+00    0.4888853143E+00    0.3531244398E+03
       737    0.4650000000E+00    0.3747626640E+00    0.3401800148E+03
       738    0.3380000000E+00    0.4833750014E+00    0.3524994295E+03
       739    0.3900000000E+00    0.4078956364E+00    0.3439381406E+03
       740    0.4555000000E+00    0.3718605685E+00    0.3398508430E+03
       741    0.4385000000E+00    0.3805647974E+00    0.3408381250E+03
       742    0.3767000000E+00    0.3807461674E+00    0.3408586970E+03
       743    0.3719000000E+00    0.3695853475E+00    0.3395927748E+03
       744    0.3850000000E+00    0.4338185661E+00    0.3468784633E+03
       745    0.4033000000E+00    0.4346344572E+00    0.3469710062E+03
       746    0.4250000000E+00    0.4491321821E+00    0.3486154187E+03
       747    0.4521000000E+00    0.4024106564E+00    0.3433160037E+03
       748    0.4634000000E+00    0.4032814417E+00    0.3434147730E+03
       749    0.4207000000E+00    0.4153385217E+00    0.3447823540E+03
       750    0.3749000000E+00    0.4217439451E+00    0.3455088927E+03
       751    0.4551000000E+00    0.4229423628E+00    0.3456448239E+03
       752    0.7578000000E+00    0.6429844018E+00    0.3706032144E+03
       753    0.3734000000E+00    0.4519068963E+00    0.3489301422E+03
       754    0.5695000000E+00    0.4503762986E+00    0.3487565333E+03
       755    0.4787000000E+00    0.4520068852E+00    0.3489414835E+03
       756    0.3564000000E+00    0.4151316636E+00    0.3447588910E+03
       757    0.3696000000E+00    0.3859785068E+00    0.3414521780E+03
       758    0.3699000000E+00    0.4237986258E+00    0.3457419460E+03
       759    0.4312000000E+00    0.3781495101E+00    0.3405641697E+03
       760    0.4893000000E+00    0.4553323642E+00    0.3493186778E+03
       761    0.4694000000E+00    0.4547872816E+00    0.3492568515E+03
       762    0.4915000000E+00    0.4575254282E+00    0.3495674273E+03
       763    0.4526000000E+00    0.4590931498E+00    0.3497452470E+03
       764    0.4777000000E+00    0.4577135683E+00    0.3495887672E+03
       765    0.4470000000E+00    0.4539581871E+00    0.3491628110E+03
       766    0.5340000000E+00    0.4553820391E+00    0.3493243122E+03
       767    0.3056000000E+00    0.4552745994E+00    0.3493121258E+03
       768    0.5069600000E+00    0.4529864423E+00    0.3490525903E+03
       769    0.4950000000E+00    0.4506221558E+00    0.3487844198E+03
       770    0.1132300000E+01    0.9067113650E+00    0.4005165917E+03
       771    0.5698000000E+00    0.5038375479E+00    0.3548204052E+03
       772    0.4870000000E+00    0.4115345298E+00    0.3443508841E+03
       773    0.5282560000E+00    0.5063786630E+00    0.3551086326E+03
       774    0.4550000000E+00    0.4532263362E+00    0.3490798004E+03
       775    0.5356000000E+00    0.4564935276E+00    0.3494503834E+03
       776    0.4790000000E+00    0.4586991161E+00    0.3497005535E+03
